usage:
teta(angle within two mirrors)--i(inner angle)--j(outer angle)

129 25 26
92 25 63
13 12 155
45 1 134
90 67 23
72 79 29
35 46 99
151 8 21
11 69 100
20 80 80
120 55 5
19 72 89
18 57 105
6 16 158
109 52 19
50 63 67
43 74 63
18 30 132
40 63 77
97 31 52
18 45 117
59 87 34
136 35 9
68 39 73
128 45 7
131 45 4
87 87 6
135 14 31
123 50 7
80 78 22
141 8 31
30 84 66
101 11 68
86 19 75
69 18 93
11 82 87
117 36 27
103 29 48
12 10 158
62 28 90
42 21 117
155 2 23
88 72 20
75 20 85
63 1 116
111 67 2
57 11 112
143 16 21
173 3 4
164 5 11
111 21 48
103 29 48
46 18 116
96 39 45
13 83 84
39 55 86
22 51 107
1 68 111
40 50 90
94 40 46
124 4 52
32 34 114
55 26 99
75 85 20
66 16 98
101 11 68
86 28 66
62 47 71
3 25 152
70 43 67
127 38 15
6 9 165
41 64 75
34 43 103
54 38 88
10 70 100
118 18 44
110 27 43
96 36 48
21 3 156
91 65 24
61 60 59
14 29 137
16 16 148
23 2 155
46 44 90
24 57 99
76 4 100
46 48 86
119 3 58
21 22 137
122 10 48
31 60 89
52 5 123
45 26 109
70 66 44
138 35 7
138 38 4
162 14 4
107 66 7
115 59 6
56 10 114
18 71 91
8 71 101
160 10 10
110 3 67
38 11 131
88 33 59
10 18 152
26 56 98
117 60 3
88 42 50
27 67 86
77 6 97
93 48 39
56 2 122
7 82 91
74 39 67
29 77 74
92 51 37
10 12 158
129 25 26
122 49 9
9 74 97
35 61 84
40 17 123
8 78 94
76 80 24
104 34 42
51 59 70
33 80 67
65 45 70
59 79 42
152 2 26
42 23 115
79 20 81
9 21 150
107 55 18
9 64 107
50 89 41
78 26 76
120 55 5
2 22 156
127 34 19
66 74 40
2 78 100
105 18 57
124 48 8
15 38 127
94 73 13
33 8 139
91 24 65
48 66 66
18 69 93
111 66 3
56 10 114
82 13 85
35 47 98
18 22 140
110 45 25
133 9 38
127 30 23
65 21 94
14 37 129
54 27 99
15 73 92
92 33 55
98 71 11
113 18 49
65 41 74
116 14 50
57 2 121
138 27 15
52 29 99
37 84 59
114 19 47
147 25 8
133 10 37
92 41 47
92 39 49
53 88 39
139 35 6
11 10 159
137 20 23
99 69 12
163 2 15
78 72 30
33 27 120
81 41 58
83 39 58
31 57 92
82 24 74
67 76 37
51 38 91
21 68 91
54 76 50
91 6 83
137 2 41
155 19 6
20 10 150
38 10 132
129 30 21
53 73 54
44 37 99
117 46 17
142 25 13
55 50 75
60 69 51
61 79 40
26 44 110
163 11 6
36 27 117
33 70 77
10 17 153
95 79 6
105 18 57
52 3 125
67 77 36
86 13 81
100 69 11
101 19 60
3 88 89
128 48 4
9 83 88
114 1 65
22 18 140
63 79 38
50 49 81
86 43 51
107 64 9
98 61 21
90 15 75
39 47 94
24 61 95
75 1 104
92 80 8
10 80 90
5 35 140
113 52 15
93 9 78
4 4 172
87 40 53
45 81 54
8 39 133
33 55 92
8 84 88
139 3 38
95 21 64
93 40 47
81 70 29
28 65 87
25 39 116
49 15 116
95 54 31
110 28 42
134 8 38
22 52 106
39 82 59
46 20 114
68 74 38
149 13 18
54 3 123
20 24 136
78 33 69
22 17 141
103 35 42
66 39 75
68 47 65
9 65 106
35 81 64
13 83 84
38 61 81
95 18 67
5 36 139
25 65 90
126 8 46
66 24 90
62 75 43
90 3 87
115 40 25
93 26 61
77 50 53
94 56 30
13 57 110
92 81 7
9 30 141
12 5 163
34 18 128
94 42 44
156 14 10
54 77 49
71 10 99
25 32 123
143 17 20
122 44 14
2 72 106
119 14 47
88 15 77
81 64 35
81 63 36
87 58 35
55 32 93
20 3 157
83 74 23
64 12 104
87 75 18
87 17 76
83 27 70
117 58 5
31 73 76
19 69 92
42 26 112
1 28 151
30 6 144
37 5 138
68 71 41
88 34 58
117 39 24
42 63 75
15 4 161
2 89 89
85 7 88
108 71 1
65 62 53
10 49 121
143 34 3
65 21 94
159 3 18
38 65 77
77 75 28
154 22 4
82 51 47
29 8 143
61 49 70
131 7 42
73 76 31
74 77 29
73 66 41
125 40 15
85 16 79
56 70 54
38 3 139
59 45 76
97 19 64
60 0 120
117 0 63
41 83 56
54 81 45
72 65 43
109 10 61
17 83 80
146 32 2
55 70 55
61 87 32
83 36 61
115 9 56
38 68 74
71 87 22
97 82 1
8 47 125
52 76 52
5 7 168
67 55 58
75 68 37
37 45 98
48 65 67
55 58 67
100 58 22
31 83 66
67 27 86
89 22 69
106 25 49
20 65 95
71 43 66
127 37 16
17 41 122
70 4 106
16 89 75
121 27 32
58 11 111
98 22 60
88 76 16
109 10 61
92 2 86
86 87 7
70 23 87
141 36 3
88 54 38
81 32 67
87 77 16
65 80 35
84 41 55
36 31 113
20 67 93
13 2 165
48 56 76
45 39 96
94 44 42
34 56 90
63 0 117
145 34 1
56 84 40
13 56 111
81 69 30
59 55 66
66 31 83
113 60 7
125 43 12
128 45 7
129 45 6
5 23 152
126 5 49
85 13 82
4 26 150
119 3 58
7 58 115
107 20 53
85 10 85
115 44 21
50 64 66
78 74 28
103 69 8
121 4 55
124 38 18
84 36 60
12 29 139
132 23 25
82 46 52
18 15 147
113 41 26
89 52 39
83 89 8
105 38 37
48 2 130
71 77 32
39 6 135
34 47 99
96 17 67
76 57 47
24 78 78
56 23 101
136 14 30
67 63 50
117 18 45
154 20 6
109 59 12
62 40 78
56 64 60
11 0 169
38 12 130
134 23 23
8 10 162
88 13 79
91 50 39
11 1 168
133 10 37
49 57 74
116 41 23
155 3 22
115 49 16
23 48 109
50 42 88
39 40 101
85 60 35
77 83 20
139 29 12
119 11 50
116 14 50
5 55 120
84 14 82
19 77 84
133 27 20
21 52 107
32 19 129
124 53 3
39 79 62
65 39 76
98 79 3
6 5 169
143 33 4
72 80 28
26 72 82
74 30 76
166 1 13
10 29 141
100 16 64
98 71 11
30 55 95
6 87 87
86 5 89
58 37 85
62 51 67
39 56 85
88 54 38
12 66 102
17 2 161
49 14 117
7 66 107
129 24 27
61 17 102
99 44 37
27 2 151
65 87 28
168 5 7
97 8 75
90 32 58
58 35 87
120 41 19
11 85 84
17 2 161
106 16 58
38 46 96
66 63 51
86 6 88
98 40 42
41 88 51
68 71 41
142 29 9
2 3 175
68 80 32
33 82 65
112 61 7
113 11 56
31 53 96
58 45 77
116 50 14
8 44 128
110 55 15
157 2 21
84 72 24
108 53 19
31 1 148
43 34 103
37 60 83
67 87 26
90 72 18
58 86 36
25 80 75
138 35 7
75 28 77
47 81 52
24 80 76
140 11 29
117 0 63
139 29 12
16 70 94
8 3 169
21 26 133
21 59 100
111 34 35
46 56 78
107 21 52
57 67 56
93 61 26
56 39 85
149 13 18
62 57 61
127 29 24
64 1 115
16 38 126
33 69 78
67 88 25
25 84 71
34 50 96
130 6 44
46 78 56
67 50 63
62 79 39
119 6 55
125 45 10
69 58 53
10 66 104
15 62 103
30 56 94
161 9 10
125 27 28
15 83 82
23 71 86
25 4 151
77 74 29
70 27 83
97 40 43
25 84 71
109 27 44
31 17 132
86 29 65
32 53 95
64 24 92
158 14 8
129 15 36
91 26 63
51 46 83
112 66 2
63 19 98
83 89 8
90 55 35
22 63 95
76 36 68
37 70 73
31 76 73
78 33 69
27 28 125
13 10 157
29 25 126
62 89 29
96 53 31
12 43 125
100 72 8
144 30 6
49 79 52
131 35 14
109 56 15
25 42 113
99 31 50
137 41 2
136 27 17
47 21 112
99 71 10
12 58 110
9 70 101
153 2 25
27 16 137
54 36 90
84 80 16
72 77 31
127 32 21
106 60 14
46 63 71
65 24 91
135 4 41
101 53 26
152 15 13
6 1 173
27 43 110
92 7 81
32 54 94
92 79 9
90 27 63
17 61 102
20 76 84
32 20 128
8 1 171
48 18 114
71 27 82
113 7 60
67 75 38
83 80 17
60 72 48
119 59 2
26 72 82
38 68 74
141 5 34
107 66 7
86 16 78
19 70 91
40 80 60
34 4 142
72 3 105
54 21 105
69 17 94
22 77 81
108 68 4
161 10 9
91 86 3
3 53 124
4 52 124
58 45 77
48 2 130
7 85 88
47 40 93
31 66 83
46 33 101
43 37 100
9 81 90
140 39 1
66 70 44
39 17 124
93 26 61
15 89 76
129 22 29
141 31 8
2 21 157
5 48 127
66 41 73
25 23 132
13 20 147
84 2 94
38 12 130
83 47 50
76 48 56
108 54 18
152 10 18
66 56 58
33 43 104
57 21 102
119 19 42
82 0 98
37 76 67
31 13 136
60 6 114
64 20 96
70 21 89
109 48 23
78 26 76
50 15 115
172 7 1
39 46 95
56 45 79
48 82 50
63 31 86
70 37 73
156 18 6
37 49 94
59 2 119
76 42 62
44 13 123
80 40 60
65 30 85
38 50 92
88 47 45
70 53 57
143 24 13
31 40 109
146 33 1
55 82 43
73 52 55
103 65 12
89 48 43
5 22 153
63 7 110
55 37 88
135 12 33
59 58 63
110 20 50
159 16 5
4 74 102
12 52 116
100 42 38
15 10 155
87 4 89
34 12 134
15 19 146
78 44 58
78 26 76
149 12 19
27 68 85
32 23 125
95 1 84
49 79 52
136 10 34
95 57 28
67 79 34
50 15 115
99 7 74
49 83 48
128 47 5
115 29 36
80 56 44
55 6 119
51 76 53
81 85 14
19 67 94
37 49 94
164 2 14
56 44 80
141 37 2
97 24 59
90 38 52
118 22 40
94 27 59
107 36 37
96 59 25
26 61 93
57 60 63
5 17 158
69 88 23
75 31 74
103 29 48
73 16 91
82 2 96
25 22 133
93 13 74
23 45 112
29 6 145
113 17 50
81 42 57
19 8 153
11 3 166
4 70 106
13 14 153
51 9 120
73 9 98
36 85 59
112 20 48
48 56 76
87 78 15
87 29 64
99 4 77
53 34 93
4 5 171
65 60 55
119 42 19
53 37 90
155 1 24
82 20 78
39 22 119
45 67 68
84 56 40
159 8 13
20 74 86
105 7 68
102 57 21
87 27 66
130 20 30
35 55 90
97 62 21
125 23 32
63 2 115
91 18 71
6 51 123
163 0 17
54 51 75
92 1 87
113 60 7
27 74 79
110 26 44
126 42 12
35 36 109
42 13 125
19 87 74
93 57 30
49 44 87
56 33 91
105 61 14
150 25 5
84 56 40
38 63 79
15 40 125
126 45 9
77 78 25
17 20 143
16 26 138
19 87 74
113 34 33
108 48 24
71 38 71
24 75 81
39 51 90
123 30 27
118 1 61
105 35 40
97 28 55
112 0 68
60 41 79
40 84 56
68 73 39
17 85 78
162 3 15
116 46 18
83 36 61
33 56 91
10 36 134
62 85 33
85 10 85
155 5 20
59 76 45
74 54 52
29 50 101
38 40 102
150 2 28
8 75 97
22 64 94
21 81 78
123 50 7
6 79 95
160 8 12
25 12 143
134 30 16
25 55 100
12 66 102
78 13 89
61 6 113
123 48 9
50 22 108
75 43 62
77 19 84
101 65 14
93 41 46
7 72 101
119 50 11
26 57 97
117 8 55
93 81 6
120 5 55
20 85 75
136 3 41
74 58 48
59 73 48
148 10 22
129 4 47
21 22 137
22 23 135
19 80 81
121 0 59
41 29 110
92 47 41
45 51 84
43 74 63
76 4 100
94 8 78
149 24 7
17 19 144
56 56 68
8 18 154
61 45 74
61 31 88
39 6 135
52 35 93
33 43 104
30 59 91
130 33 17
30 34 116
95 54 31
54 56 70
35 42 103
65 57 58
24 5 151
39 81 60
140 30 10
58 7 115
90 83 7
48 82 50
60 3 117
104 14 62
17 70 93
47 1 132
120 48 12
50 41 89
116 22 42
7 45 128
73 34 73
118 53 9
129 22 29
25 36 119
79 4 97
28 76 76
95 21 64
163 8 9
86 82 12
117 38 25
74 12 94
40 2 138
38 61 81
65 86 29
91 26 63
24 46 110
53 85 42
61 54 65
63 4 113
142 22 16
93 2 85
144 1 35
16 64 100
160 9 11
89 72 19
145 12 23
139 36 5
38 29 113
44 78 58
39 87 54
92 45 43
37 35 108
61 15 104
5 37 138
113 49 18
27 25 128
96 81 3
25 42 113
4 76 100
140 6 34
29 64 87
91 34 55
62 42 76
86 12 82
101 7 72
65 9 106
58 29 93
10 54 116
5 15 160
14 80 86
47 68 65
39 68 73
138 28 14
56 47 77
15 7 158
110 29 41
20 83 77
87 51 42
118 8 54
131 6 43
