usage:
A(not encrypted)--A' or B' (encrypted)--A' or B' (encrypted)--B(not encrypted)

18682 30804 47265 25043
65718 29977 21374 63311
95226 84115 11464 22575
58711 70933 36563 14341
32299 65522 16655 83322
67398 45311 34065 78644
37367 68779 48478 57668
73927 39583 79122 13566
43123 21901 29463 41685
83839 50506 27626 50959
15734 31548 60289 86093
76536 32439 32192 76873
11835 47362 55279 03928
53389 62625 86612 39392
78697 67586 19518 20629
92634 89892 47189 34347
63477 13288 07811 79844
68854 57743 17131 28242
73962 32733 06295 09400
43798 76021 41536 18203
64565 53454 59278 60389
86498 31943 47962 92417
67761 34438 49672 72905
79128 38483 02451 05150
47219 70542 83337 50004
17757 95535 75463 97685
44694 99149 64724 19279
95132 83937 40687 38482
45185 78418 69873 36540
99513 77391 88336 00558
43941 76274 24262 91939
79722 59855 68611 60966
32537 75883 98193 19227
44785 77144 77018 44811
72294 94416 72497 50275
49322 05988 57365 91709
95837 15494 06948 04383
92668 03779 99182 88071
47399 36288 18666 29777
41435 29213 43238 65450
86946 53613 84934 17267
43776 10443 39141 62474
44779 46775 55880 35664
33166 55771 55388 33559
12123 67678 27432 72987
32786 61768 10564 83980
33671 44782 88288 77177
78297 89194 01520 56861
96155 74933 14517 36739
68344 32211 79455 21100
85688 22572 63466 44794
98376 65043 38988 61211
99199 95828 00200 84717
95354 14184 39798 70740
64149 84874 31816 17107
38137 94793 43463 87807
31524 91832 19302 13054
73857 62746 49737 50848
19343 91393 08232 02404
23834 83181 45056 61969
59176 74454 82409 41121
35797 91926 02464 24259
24112 46334 43611 21499
62816 73927 65612 54501
82397 26731 42951 08517
47128 14895 16435 49768
14985 36107 32444 10222
71891 56226 82902 45115
49844 77217 72177 44984
79793 78854 46460 01187
61654 38321 91868 24191
69844 59844 81066 37622
93546 99913 60213 22246
25271 24482 70726 79937
75787 53565 55657 77879
74857 41524 18838 41161
75557 14261 19991 70827
33687 22576 17253 28364
43761 09327 87741 21185
11941 64267 00830 75378
82534 59201 94528 27851
76614 38535 65503 49646
81257 86398 47813 20732
76685 57991 21130 02446
35557 26397 24446 37408
41719 22666 18486 55999
19798 42021 61185 38852
69536 37714 25192 71158
37483 15261 66233 88455
68944 46722 36722 58944
27398 89151 38409 78040
63766 55924 52655 66035
45954 67176 79322 57100
72832 05165 76573 43240
53164 31942 28746 40968
39138 28027 39627 40738
22592 49447 88158 83881
66112 18376 77223 07265
92819 47364 42836 97381
95629 40174 47697 92142
72447 67475 38003 01819
74379 29824 59793 04248
63339 64555 41117 86777
11464 69199 77020 03533
54324 21091 88918 11241
44389 77612 68759 35426
51849 84172 39253 06920
19626 31848 67797 45575
32478 65361 76812 21927
23565 89121 64447 08881
39436 76669 62769 43336
66695 93636 88817 71414
93811 87172 15033 65950
87756 88923 10089 55690
29923 87323 18812 98434
21962 15972 54295 82649
71163 93385 91269 79047
88278 26723 00490 04501
36895 58017 91291 79079
77937 44604 19368 42691
13995 18646 02884 29757
53931 08486 49598 94043
85644 36253 41200 70697
18342 62768 29453 51657
96285 63952 72115 05448
78591 23046 37199 82644
33598 26565 77932 82121
13118 32514 57552 98170
69836 92726 92169 69493
69324 42249 25980 86683
11514 79845 33736 57623
52466 92262 63577 81151
39968 98891 40079 87780
54288 21955 93327 26650
46417 48935 13184 71268
48748 71071 27338 94005
79264 57042 68722 80944
51576 06021 56941 01496
97323 89851 20656 56528
61452 81575 05896 47131
13923 11973 02812 22084
98846 91174 76624 13396
96268 41713 16646 61191
48288 15955 98574 21807
29261 63994 18150 74005
52265 99851 18821 33295
83855 56427 50522 89750
23114 46848 12003 57959
59597 99595 71719 77373
74589 37836 85690 26725
93338 49334 59994 83778
36522 25411 34856 45967
82915 57557 37460 02002
14345 69890 92766 47211
78324 73172 45091 06405
65429 43207 72115 94337
43176 65398 54335 32113
24563 36967 46785 14745
47359 25137 48268 60480
21345 56488 09123 78600
24851 47311 35962 36200
43988 98433 71773 26228
75644 97866 43351 21139
22592 99269 97496 20729
42382 21774 64504 09552
53191 72985 64202 61874
26292 33323 04070 55545
59793 71915 75775 53553
95457 33962 39891 99528
41133 29911 96581 18703
86531 08753 86719 64597
95557 28880 31818 08585
75655 97877 53127 31905
37736 98423 71170 54089
36534 92190 64187 08521
25232 31297 58565 08964
41452 12246 74785 89913
96673 41128 77226 22771
83359 56349 38804 01894
98442 65119 89123 12456
91496 61381 46941 16836
61771 29713 16226 74268
97118 75996 51754 73976
94975 38319 42858 08414
92972 25205 87135 54802
97631 99728 86520 00839
93941 37385 26734 82390
99124 71146 22457 48813
37125 48236 25544 14433
31632 97298 85155 29599
22755 44977 56634 34412
51762 28439 47523 70856
99342 44897 21125 76670
78992 01225 53439 20106
14627 03516 22484 33595
45857 28578 12524 51801
34152 56374 86223 64001
21973 57694 43195 35472
58996 16635 69007 05524
35325 28435 13103 40657
96199 07200 14263 03152
17639 54977 28740 43866
66382 31181 77493 20070
88658 75928 55325 08251
36771 56628 58993 34406
93874 48329 41926 96471
14993 85322 36115 63100
54663 84212 65774 73101
36251 92817 13859 57293
71773 37339 58594 92938
22131 33242 44483 33372
48467 91215 26245 13437
85556 63334 34622 56844
39511 17399 16481 38603
97572 15957 86461 26068
75584 11795 97706 99573
62122 17677 75827 20372
78116 12550 39154 95710
49212 68776 38101 79887
22538 99205 84343 17676
39853 72441 40964 61330
71326 26871 98581 43036
89492 67270 57443 79665
98639 17487 87528 28598
43791 98246 33835 88380
91633 57299 35912 79356
96182 61367 18304 49145
11315 84487 22426 73376
99711 44266 67838 12383
26271 82837 24835 68279
11297 99075 47733 69955
89985 59682 34430 04137
13537 38819 35759 16697
39332 84887 54121 09676
36115 14993 25559 47771
94711 26126 72599 48348
85195 18428 76637 43304
68217 02651 71717 37373
78164 23619 26967 71412
43467 21245 81362 03584
72678 16012 16384 72940
55819 33697 47161 69383
64435 74969 20091 18303
71534 39955 26089 84400
84453 75818 51120 08141
32388 43499 58353 47242
52486 12336 85719 89003
39126 84671 95615 40160
11933 44266 19521 86298
95828 34894 28151 01561
39925 28325 06692 51658
31651 64984 78994 45661
69334 16495 47112 38617
41254 56659 96709 01104
46339 87388 24117 09500
89552 87568 45118 21902
33459 28461 22348 39572
89667 23001 95568 51124
44293 33182 17311 28422
94854 72632 38922 50144
16164 50508 93522 59188
29499 74944 96635 41180
57248 52612 79460 30490
82793 71682 91283 02394
92234 14875 70012 36097
91889 13001 78663 56441
32584 65817 12321 89098
87252 25923 10585 92690
75515 76768 42282 09091
83171 13873 27515 79439
47637 12234 70960 89901
95353 17575 65863 43641
36488 45281 81933 90736
14437 58871 59679 15235
34586 56708 72635 50413
68946 26457 02380 82013
94661 51485 38005 17041
14716 99378 36938 77156
71525 92515 15969 58171
99452 77230 46271 68493
92357 76551 25680 43228
73275 17619 16499 72055
32373 38228 10151 50440
59178 55556 15734 99990
66255 77366 84694 73583
68275 53754 79386 42643
69583 14038 58718 03263
63756 52645 75946 86057
87538 73246 43194 17680
16494 11945 05383 22056
96732 30176 18172 74738
82617 93728 47598 36487
89994 17274 01116 95052
41499 63611 34748 12526
92187 16475 69854 49708
37178 24395 48289 13284
73488 95600 86785 64563
38691 58428 61924 25195
12177 96499 23288 85388
76358 09681 68122 35899
66465 24344 77576 13233
13292 02181 25968 36079
49339 61551 15568 93346
14125 89518 25236 78407
17945 85667 40278 52334
72728 89698 61617 90709
64762 31439 76953 09286
98253 17894 21586 84561
98376 79914 87265 80025
29961 63305 11962 77528
98492 10614 34997 12775
25118 81774 41917 85351
54713 85348 87046 52015
95569 16236 17781 94014
99186 16942 11308 94720
72721 85717 49498 18040
58775 67255 81008 34922
66777 32448 55666 43559
67154 11897 90487 88564
31355 86800 11866 66311
87226 54922 43882 98366
32298 51853 54410 39631
39665 40776 24166 13055
83973 11531 72862 22642
32572 54794 32327 10105
61214 22228 49092 44440
95693 51259 75569 19903
11196 00085 64943 75054
49667 17454 38556 28565
88255 11581 11588 88258
46288 13377 91733 68822
73624 96377 39280 30711
55733 95456 00288 40901
43397 32286 82497 93508
68315 73797 13860 28242
42485 19152 38732 61065
75162 31728 37819 71253
58943 74665 36721 96887
71489 93601 75626 53404
87894 52819 98905 41708
62796 73807 98399 87288
64277 42055 98546 10768
84491 06613 21437 09215
69958 92281 71581 48258
99124 99211 11346 77099
38436 72241 16214 94463
53641 08196 68136 13681
68666 80888 47631 25419
58788 47677 91314 02425
73816 17250 94257 50813
93521 59187 25499 69833
99872 27826 11094 05604
38763 94329 35237 79671
95585 06696 64249 53138
85118 63996 56233 78455
49564 57312 94019 02867
63699 22762 52588 33873
61262 69534 16717 14089
66965 68862 44743 80084
36276 79951 81721 24406
63184 07528 72938 38594
42294 62412 86638 28078
69117 45343 70228 34232
98596 76374 85176 07398
97398 11482 64065 44715
56679 78891 22896 00674
21494 87159 09272 09371
18269 96047 41376 63598
68355 88462 57244 99573
81737 14060 52543 29210
49323 95865 50434 84754
19269 53738 53603 19394
38342 15595 05019 48828
39182 26397 73526 82953
99527 27789 77305 49901
96971 18193 49317 27195
74269 52047 82876 04098
55812 97837 33690 19059
12487 17249 45710 84916
76729 53478 21274 08923
89216 52444 34761 07999
47956 46373 69178 24151
54192 33724 98536 99380
85738 41394 71941 15385
28998 13143 51221 80810
39133 66983 06800 99216
99417 11639 67926 45704
68779 24335 41918 85352
25396 24316 14285 35427
91597 35931 86142 42708
36142 92708 95355 39799
64347 49652 53236 50763
79728 02051 32182 09859
26941 92412 60385 58078
65185 21741 47214 81658
53832 64943 11167 00056
63145 68899 07589 24455
18112 28424 52556 84080
45419 12186 57485 80718
96663 63330 95375 28608
48152 58672 71485 25349
68923 52915 02367 18571
47313 70646 57615 24382
97766 12969 19988 90747
41646 63868 94966 72744
83387 61165 27663 49885
18177 07066 96119 07220
83356 05578 88411 66299
97159 96785 86048 07896
47447 81881 37568 93124
66454 32271 33121 65504
91255 58832 57811 92276
45271 56382 79513 68402
38588 27477 92691 03702
68767 79878 73914 62803
83383 49949 23615 67059
43212 65434 12569 90347
43144 54255 43175 32064
71354 59132 41751 63973
17166 73722 87185 21529
94947 81462 16169 69240
54574 10130 13451 57895
83768 86515 61546 08737
36877 46158 92433 80592
68128 61797 35895 94020
34919 37983 45020 26872
41496 88366 07052 22700
32726 54948 74623 52401
32515 09282 22693 55926
91557 46002 65752 10207
72562 50340 94488 16600
72744 94966 99114 77992
88231 44897 72564 16908
12687 23798 59566 48455
35837 25514 91493 69958
16147 61692 18794 63249
93856 59412 51879 95213
84686 73575 94634 05745
26511 85711 04399 07933
51317 22536 40206 33647
53357 75579 15861 93649
62879 81361 39546 14694
22535 55868 41773 18440
17775 40008 48237 15904
34585 90141 58461 92805
55895 11665 99239 77221
76791 39352 87802 28241
48187 59298 57973 46862
46371 13771 24159 35993
32152 87607 82553 37008
57121 88222 68232 77111
21781 09569 94282 16404
96346 30780 33113 99779
87998 76887 77852 88963
17368 66696 51702 22252
61543 22971 38210 55204
53184 19740 52222 96666
52457 19313 30235 31535
46117 91662 44274 99729
68187 84397 57076 95408
54444 09999 83651 38106
45119 89553 89549 45105
54228 65278 65339 54167
57575 02020 86844 31399
94341 61018 23532 56865
58394 14950 58893 92237
98913 68298 43468 13743
95236 28569 52832 29509
66357 66445 44135 88667
99667 33001 84723 40389
66467 33134 21172 54405
78781 01014 83978 50645
47959 03515 41592 85936
32491 54613 62746 40524
36272 70616 79346 35902
96667 74445 59741 71963
65979 09313 39288 95844
56162 12728 64997 08331
23141 78696 26775 71220
88346 00568 89847 67625
36393 53351 58515 31139
22164 88720 27219 61653
81397 43995 25731 09551
16354 81371 72910 25715
16184 22924 05073 33035
82574 17249 60352 39461
55924 61238 22691 94561
91385 80274 14398 25409
65394 32061 94933 27266
96594 23123 74372 45345
32417 22164 10295 44386
21422 15167 98199 48490
89872 56549 79263 02596
41273 93476 30162 04587
47612 38794 92167 83249
11154 96585 33376 74363
25278 45312 58501 12089
26629 79887 37730 68776
54438 61882 65549 50771
57538 52817 02083 07362
48594 37483 38863 49974
61139 57422 72240 46311
45629 38382 89063 94948
48911 59022 73553 62442
54543 89613 21210 12946
55124 22891 13881 46114
76238 86199 32894 20533
74766 45963 18100 01529
33693 44704 26857 15746
34123 45234 23857 12746
16649 50083 64267 20823
64518 31161 75629 20050
19536 08425 82427 93538
19175 97953 84136 06358
89948 61845 01160 49623
11235 22346 71641 60530
94999 85772 27222 52449
89124 90235 98399 87288
45984 96133 90439 41688
12664 58247 89331 81570
68536 96934 79647 85823
12424 11325 89191 44658
92418 58074 43218 87652
58372 92716 81294 47850
42346 75679 88581 55258
43621 97471 76954 64148
89851 67639 85398 07510
42792 08358 76482 10826
83941 38496 89657 34102
43718 54829 34158 23047
45724 37137 34613 48248
53698 97032 42969 08525
93549 48375 82438 59486
51875 99733 95219 55399
66735 00179 47252 03818
32694 98250 76954 10398
24746 80302 29354 63798
79828 24373 23138 78683
34485 12263 78613 90835
26569 73562 93236 06895
37243 93809 78619 12053
69952 79214 03396 35870
88347 63734 55014 96067
96275 07386 31921 20810
51252 95696 71953 37519
93894 04905 75334 64223
68556 66845 46334 88067
22245 44467 23222 01000
66669 49492 77770 38381
72217 50095 33654 55876
33842 44953 89523 78412
68351 18531 80573 96319
16351 72917 19127 53561
42634 52734 97189 07289
58876 24674 70098 02452
58464 47353 86592 97603
69773 36440 89545 12878
41495 30384 34987 45098
38491 83946 29486 74931
38441 49552 34545 23434
75531 19975 73354 39910
59714 52613 82047 29380
51665 94946 40554 05057
33586 58945 44697 47834
88181 87483 77070 98594
92827 81716 83117 94228
24247 88579 80803 22913
78838 89949 62871 51760
82277 71166 79691 80702
86833 53500 68744 91077
99649 66316 56547 89870
51348 73560 97755 75533
13237 91486 80904 24719
82998 98171 48554 32515
78131 75917 90353 53795
69623 58512 24133 35244
95973 93173 62640 26406
75379 86480 29386 18275
75886 97008 57584 35362
32682 44974 21571 55085
34717 78151 86444 42000
64228 53117 21114 32225
87951 18325 43517 52769
46177 57288 94243 83132
41735 74068 45112 12889
23246 78791 12969 67414
95317 39946 39751 95502
94683 83572 87286 98397
63112 22162 96445 99839
47854 78382 58965 67271
95962 39738 06073 28627
96345 15781 41890 60236
78239 90451 11759 99537
99227 66516 22550 33283
61941 93775 49729 15997
59176 48065 32631 43742
48224 93779 75172 20627
15259 89257 37471 67035
17515 73171 95985 39329
23995 26368 01773 48580
45492 71935 01058 15379
21475 98142 37434 60767
57883 80116 41662 18339
75397 20842 76778 21223
88411 00633 66512 44390
39969 51181 28651 06439
68614 13169 81244 36799
76765 09098 68555 35222
76595 78163 54373 90385
88929 66707 94558 16770
46262 98633 57373 87522
11543 41197 66098 96642
64212 97545 25376 92043
34967 21536 12745 43758
76462 45776 32028 89110
51815 44784 17471 88128
39755 38962 40866 27851
58592 85781 03047 30236
48622 93177 64551 19006
13654 99672 80321 22905
97387 78264 42832 23719
85713 36459 18046 03126
85337 62632 41993 06076
98952 10174 97745 75523
72821 38487 28769 62103
58951 47840 13782 24893
96318 85391 85207 96402
21587 28217 54810 95984
69329 27671 36096 50904
89669 45225 82976 26310
53631 18471 08186 63926
21271 61654 76726 16109
31174 20063 51784 62895
28998 17887 25825 36936
13454 46787 16427 83194
92973 03084 73559 62448
26611 60055 88889 44445
97682 72168 20915 49835
58178 26782 36956 48904
13569 78923 68014 23478
76435 98777 43102 21000
88269 73775 33714 28220
29429 41641 14655 92433
45229 44724 23007 66946
12656 34878 59553 37331
28863 84429 61782 05126
69373 25939 46131 80575
53176 79537 97510 35193
18977 52354 96755 74576
52679 93394 30457 15516
86711 53913 53488 86246
75899 45248 19233 01804
59323 15849 48212 26950
39232 58675 95898 92019
68894 02238 51643 17209
32172 09849 79448 02771
11873 55217 92877 58433
98431 25236 76219 47458
13341 79907 76852 10296
24561 79016 15766 60211
73686 84797 97621 86510
53793 94226 42682 05337
77734 22289 55878 00323
72982 38548 77472 11816
96812 29145 27684 94351
82861 59538 27736 50069
18568 52902 73519 39175
19484 42717 18214 85981
52386 49435 07831 94980
93382 82271 58949 69050
83786 24926 38231 79471
84818 51585 88611 11944
59668 14628 93002 70284
73487 83532 95609 61310
71458 04781 74147 41814
77665 62363 33221 06707
22721 99774 33832 88663
83339 05551 93446 71224
99262 00373 98184 87073
12563 34785 68862 46640
81925 69703 78467 90689
56837 79782 45726 80893
89721 12054 57644 24311
14968 69413 71316 26861
43294 38923 87638 94589
56589 78701 74714 52592
81987 14210 35834 02501
63453 18908 54816 09361
48429 48758 82863 04314
87528 10851 96519 63286
34817 38189 23706 49290
48264 43387 71597 10054
67844 89066 85693 63471
33512 00289 55534 88867
51717 39595 87233 09455
17378 40601 72194 49861
62484 51373 93817 04928
54456 43345 72542 83653
88879 77768 75566 86677
64662 86884 38463 16241
91419 80308 21796 32807
34461 56683 34477 12255
95935 62444 62602 95777
51926 84259 88631 55308
33499 13833 22388 24944
61914 49792 23691 45813
84884 88612 39339 33167
96416 30850 38337 94993
73763 29257 06096 96924
58147 47036 42575 53686
51255 06700 46243 91798
35879 52312 91435 96756
55197 31332 11753 75776
34776 01443 34659 67982
43434 78628 65656 56406
84213 65692 17546 32369
22941 16217 33052 05106
52767 96101 13544 79100
18979 71988 63424 26433
66874 99107 98826 65593
65276 87498 41428 29206
59625 67233 71847 45011
36229 14007 37556 59778
18596 66849 07485 77950
65987 54876 52923 63034
36482 39984 47593 28873
81121 79629 58898 02952
23635 52713 45857 30591
32924 65257 63263 30930
89996 16831 12229 83508
59159 37937 34331 56553
66717 76544 00151 32100
46656 49127 68878 27905
84115 17448 46881 13558
53786 31564 86729 08941
29536 41758 51492 39270
57717 91151 63969 29525
69679 85177 25235 29511
31599 88345 42600 77234
86825 19158 41817 18584
58795 52564 14351 96908
39563 51785 84149 62927
11327 22438 88944 77833
88222 35419 66000 57631
79188 13925 46855 46258
16629 27730 47826 36715
72572 19697 49249 42920
65677 10122 41716 96261
83399 11626 61177 33848
49734 72067 99944 66611
55531 18631 99975 74297
14717 70373 71145 15589
21752 23665 54085 90332
55165 22832 47473 70706
79325 69646 91547 47424
59883 53571 48772 64682
46486 57597 51342 40231
58183 71768 70305 59546
26266 82822 26779 60113
24443 39729 57776 06496
65111 46997 10666 91442
72929 38585 33144 77588
62178 84390 51379 39157
34739 15623 45840 04512
39743 87777 06410 10000
23662 67006 43277 09833
77977 99199 75942 53720
87254 98365 38354 27243
58614 36492 56126 78348
18347 63892 38597 83042
18331 85571 29442 74460
39853 28392 62186 95069
43927 92753 87361 58319
85833 96944 13579 02468
86955 28827 53622 51150
42672 49967 31561 50078
63819 96142 68795 35462
48953 94789 60175 72567
13668 57002 69297 25853
15498 31288 04387 42399
71637 48304 77573 00806
77464 22563 55242 44785
41428 11386 63640 99164
32912 87467 53825 08370
62794 84916 74577 52355
55732 00287 95282 40737
63677 79387 85899 57165
41385 30274 73937 84048
66347 88569 51156 39934
27292 94969 17321 40654
73479 38392 84580 27281
46581 97268 02147 31602
66754 72173 44532 94395
54623 96448 10289 30882
56394 14849 78516 92627
42624 75957 23937 90604
44979 98551 55080 87440
97534 31978 78894 34450
57274 11841 24941 44174
72829 98843 05152 65510
87671 76560 37397 48408
78786 92317 45453 25640
61611 05055 56892 12458
28985 77954 51218 44621
47122 14899 29696 52929
89881 95975 23225 51531
23846 32979 78391 87424
81584 03706 68154 46932
31275 66684 19053 88806
56225 23992 11493 44726
87118 63972 76007 74083
83644 49200 34894 78238
48319 22562 59420 11451
86458 42014 74479 18813
19773 58442 64228 03997
14573 69028 89151 34606
75454 84478 08787 51145
47956 45657 58067 34546
69619 61514 70720 50403
98656 65323 52721 85054
24169 46381 22587 00365
11122 74139 44455 41806
27615 72160 55576 00021
59814 60925 16584 05473
89916 59693 45572 93037
52697 18253 55941 99385
14367 03256 65635 76746
73263 17607 87692 43258
61198 16643 75915 20460
18913 37946 41246 04613
47918 70241 52432 29109
96772 18994 13982 91760
35561 46672 59329 48218
25944 58277 12379 89046
71351 82462 31355 20244
95682 66386 51248 00720
44383 88727 34727 90383
79212 68101 74129 85230
51224 17880 44776 88110
77482 33048 37998 71332
51849 40738 45227 56338
86151 19484 69713 36480
39927 62269 62250 39936
18433 63988 57187 02632
12394 67849 52448 07993
24953 57318 79408 02863
31395 86840 57661 02116
52179 55885 85402 22552
77875 29629 00108 96396
49777 94314 72000 61081
62526 39293 77125 00458
44851 99306 17494 62949
42723 29634 53834 18523
92715 69482 33841 66174
18689 53369 30801 31147
12513 17223 45846 84990
33364 44475 48295 37184
92931 81820 22835 33946
54546 43435 38858 49969
21813 54146 76995 43662
62466 95799 19844 86511
66484 65353 77595 54242
96362 52545 07473 41434
51662 73884 62526 40304
97527 20850 57599 24266
22534 33645 41827 30716
14717 83758 47040 50425
13599 79155 37831 71275
42366 56762 64588 34540
99825 66592 42456 75789
71198 95287 04421 62954
99941 44496 67933 12488
63916 91371 74027 80260
75559 77766 64448 88877
95517 46343 06628 35232
22879 72424 44091 50202
24677 62584 80233 06928
71581 46234 26036 91789
18319 97113 74975 31557
67948 23504 46421 80865
55278 77490 77737 55515
49122 47586 94677 92031
82172 29458 48738 63892
34741 23630 94384 05495
61945 05389 51161 17727
14752 65371 81429 98604
77848 33404 28418 62852
18357 98745 96135 10967
92369 81258 62739 73840
96592 74370 32392 54514
13127 80894 93685 26918
92329 13846 03430 02735
84675 11331 39120 66886
75267 22612 20712 77167
28534 76112 06312 98334
96824 17258 41379 62703
94695 27499 49140 72944
71259 15693 61996 27552
45381 57981 23169 79103
24421 53752 91198 86085
71274 04507 71711 48488
57838 80161 53764 20431
86927 42583 94593 38937
77777 76242 66666 87353
64795 08139 13172 79738
83673 55129 72562 66230
61982 15529 16437 60074
13372 28135 35594 06913
91529 46074 17487 62932
56156 38651 78378 16439
38453 97193 49564 86082
16981 38103 14655 92433
76497 43725 87508 32614
46316 24672 35205 35783
26248 22375 59571 99042
61885 58621 50774 69732
97268 22853 31602 88419
22476 11365 48345 59456
74262 52040 52191 74313
26446 35629 60880 91285
18823 41156 67878 34545
35895 95456 79239 51012
91517 56534 57173 90978
73241 59117 39807 93551
73599 84600 16688 05577
31862 75206 57778 13334
38413 16291 42756 64978
41927 96472 35912 80467
69715 54618 92048 21385
95848 51404 35224 79668
74555 96777 67852 45630
71656 48323 98435 21768
71164 26619 92837 47382
38451 13596 72895 79152
46661 35550 24522 35633
13247 59713 35469 37591
23319 33187 34420 22076
87377 21711 29731 85397
37728 15506 79973 91195
57414 76936 24181 09269
84612 57392 28056 13958
63445 87749 07889 43305
68565 65199 13010 10644
45417 23295 56377 78599
62598 06932 14466 70022
33192 44203 68322 57211
49824 19924 83268 75580
28184 86495 84740 20839
12422 57524 56866 13180
43335 87467 87779 43023
48933 11132 60155 99910
67458 90781 61983 38650
86552 61329 75441 72430
13315 39893 46648 06560
84554 28998 35289 91845
42932 25955 86376 81511
76348 69573 65237 70684
52119 28147 29886 51470
75299 86648 08522 53315
37499 18216 48500 07105
58785 91939 81018 68606
72688 50466 48119 60331
83988 93479 50655 26702
68787 68374 57676 79485
76376 87487 13433 02322
92151 81040 93459 04560
31314 64647 13876 80543
68468 13913 35545 80090
39577 57937 06244 80260
63216 51214 52105 62325
41173 18840 86551 19884
47963 58074 81882 70771
68349 89381 46127 01503
63411 41489 30188 74712
58627 23276 69738 12165
25695 70140 37138 82683
28585 06363 56111 78333
94977 16199 43887 21665
93811 60588 74136 07469
99897 77716 55453 11150
84461 28805 95823 51489
79715 16214 57593 38436
88263 54176 00485 32954
58362 83858 92706 49414
82283 14195 48849 58539
88954 39823 55621 62156
15863 37085 54163 32941
28711 95488 47836 70169
61373 94606 47164 14831
85526 29960 28776 84332
94697 64364 61364 97697
73526 51304 87222 09444
19475 85398 53819 41954
43684 32573 44956 55067
37147 21514 48258 10403
95683 32647 28916 09314
94649 16861 62229 40007
13124 33356 68679 88801
82227 93338 39443 28332
96384 41839 64482 19937
