usage:
these are all prime numbers( sorted list ).
any number exept these in this range is not prime.

1000000000039
1000000000061
1000000000063
1000000000091
1000000000121
1000000000163
1000000000169
1000000000177
1000000000189
1000000000193
1000000000211
1000000000271
1000000000303
1000000000331
1000000000333
1000000000339
1000000000459
1000000000471
1000000000537
1000000000543
1000000000547
1000000000561
1000000000609
1000000000661
1000000000669
1000000000721
1000000000751
1000000000787
1000000000789
1000000000799
1000000000841
1000000000903
1000000000921
1000000000931
1000000000933
1000000000949
1000000000997
1000000001051
1000000001083
1000000001123
1000000001159
1000000001197
1000000001201
1000000001213
1000000001243
1000000001261
1000000001263
1000000001293
1000000001303
1000000001339
1000000001389
1000000001419
1000000001443
1000000001491
1000000001509
1000000001587
1000000001591
1000000001621
1000000001641
1000000001717
1000000001771
1000000001773
1000000001837
1000000001881
1000000001911
1000000001939
1000000001947
1000000001953
1000000001963
1000000001999
1000000002059
1000000002119
1000000002139
1000000002143
1000000002167
1000000002173
1000000002217
1000000002227
1000000002277
1000000002341
1000000002373
1000000002403
1000000002431
1000000002493
1000000002511
1000000002587
1000000002613
1000000002623
1000000002637
1000000002667
1000000002679
1000000002713
1000000002721
1000000002739
1000000002761
1000000002803
1000000002821
1000000002857
1000000002871
1000000002889
1000000002901
1000000002973
1000000002997
1000000003027
1000000003031
1000000003043
1000000003061
1000000003087
1000000003091
1000000003129
1000000003159
1000000003187
1000000003237
1000000003259
1000000003273
1000000003279
1000000003283
1000000003367
1000000003381
1000000003427
1000000003463
1000000003543
1000000003553
1000000003567
1000000003571
1000000003579
1000000003619
1000000003669
1000000003757
1000000003789
1000000003799
1000000003801
1000000003841
1000000003843
1000000003859
1000000003883
1000000003889
1000000003993
1000000004023
1000000004053
1000000004099
1000000004153
1000000004161
1000000004183
1000000004191
1000000004207
1000000004239
1000000004257
1000000004261
1000000004317
1000000004329
1000000004351
1000000004387
1000000004411
1000000004501
1000000004581
1000000004603
1000000004609
1000000004657
1000000004669
1000000004681
1000000004683
1000000004711
1000000004719
1000000004737
1000000004749
1000000004777
1000000004803
1000000004831
1000000004837
1000000004867
1000000004873
1000000004891
1000000004893
1000000004953
1000000004959
1000000004963
1000000004989
1000000005041
1000000005073
1000000005077
1000000005079
1000000005131
1000000005163
1000000005269
1000000005317
1000000005379
1000000005383
1000000005439
1000000005491
1000000005533
1000000005619
1000000005647
1000000005649
1000000005671
1000000005677
1000000005707
1000000005709
1000000005713
1000000005721
1000000005727
1000000005757
1000000005773
1000000005811
1000000005817
1000000005847
1000000005889
1000000005899
1000000005911
1000000005989
1000000006003
1000000006021
1000000006037
1000000006051
1000000006081
1000000006183
1000000006189
1000000006193
1000000006231
1000000006237
1000000006241
1000000006321
1000000006387
1000000006399
1000000006403
1000000006451
1000000006457
1000000006459
1000000006517
1000000006541
1000000006561
1000000006613
1000000006627
1000000006637
1000000006699
1000000006711
1000000006769
1000000006771
1000000006793
1000000006849
1000000006883
1000000006891
1000000006897
1000000006903
1000000006939
1000000006949
1000000006997
1000000007081
1000000007101
1000000007141
1000000007267
1000000007273
1000000007333
1000000007389
1000000007423
1000000007431
1000000007459
1000000007507
1000000007509
1000000007519
1000000007521
1000000007599
1000000007609
1000000007627
1000000007639
1000000007681
1000000007749
1000000007767
1000000007801
1000000007819
1000000007837
1000000007849
1000000007861
1000000007887
1000000007921
1000000008019
1000000008047
1000000008097
1000000008101
1000000008103
1000000008209
1000000008233
1000000008247
1000000008253
1000000008269
1000000008341
1000000008367
1000000008377
1000000008409
1000000008437
1000000008523
1000000008571
1000000008577
1000000008599
1000000008629
1000000008641
1000000008647
1000000008653
1000000008659
1000000008673
1000000008719
1000000008817
1000000008829
1000000008859
1000000008863
1000000008871
1000000008877
1000000008967
1000000009069
1000000009147
1000000009193
1000000009219
1000000009367
1000000009381
1000000009387
1000000009399
1000000009403
1000000009499
1000000009501
1000000009627
1000000009639
1000000009649
1000000009651
1000000009691
1000000009703
1000000009769
1000000009829
1000000009891
1000000009909
1000000009913
1000000009919
1000000009963
1000000009973
1000000009991
1000000009999
1000000010021
1000000010033
1000000010039
1000000010047
1000000010069
1000000010117
1000000010123
1000000010173
1000000010201
1000000010209
1000000010227
1000000010249
1000000010263
1000000010281
1000000010287
1000000010309
1000000010377
1000000010389
1000000010411
1000000010431
1000000010447
1000000010479
1000000010483
1000000010489
1000000010491
1000000010509
1000000010549
1000000010563
1000000010689
1000000010719
1000000010749
1000000010761
1000000010777
1000000010827
1000000010857
1000000010903
1000000010909
1000000010921
1000000010923
1000000010941
1000000011007
1000000011019
1000000011041
1000000011067
1000000011079
1000000011091
1000000011103
1000000011113
1000000011121
1000000011151
1000000011169
1000000011191
1000000011217
1000000011229
1000000011239
1000000011323
1000000011347
1000000011371
1000000011383
1000000011397
1000000011403
1000000011419
1000000011641
1000000011679
1000000011709
1000000011733
1000000011737
1000000011781
1000000011823
1000000011833
1000000011893
1000000011911
1000000011919
1000000011929
1000000011937
1000000011943
1000000011949
1000000011977
1000000012051
1000000012093
1000000012097
1000000012127
1000000012139
1000000012147
1000000012157
1000000012169
1000000012183
1000000012201
1000000012211
1000000012217
1000000012273
1000000012279
1000000012313
1000000012337
1000000012367
1000000012379
1000000012387
1000000012393
1000000012409
1000000012433
1000000012441
1000000012477
1000000012481
1000000012493
1000000012519
1000000012559
1000000012577
1000000012589
1000000012597
1000000012619
1000000012633
1000000012643
1000000012679
1000000012709
1000000012777
1000000012789
1000000012819
1000000012877
1000000012903
1000000012919
1000000012933
1000000012961
1000000013029
1000000013039
1000000013099
1000000013101
1000000013119
1000000013147
1000000013149
1000000013209
1000000013249
1000000013303
1000000013339
1000000013377
1000000013399
1000000013413
1000000013431
1000000013437
1000000013443
1000000013491
1000000013503
1000000013531
1000000013569
1000000013591
1000000013599
1000000013609
1000000013611
1000000013629
1000000013633
1000000013641
1000000013657
1000000013669
1000000013681
1000000013687
1000000013707
1000000013743
1000000013759
1000000013797
1000000013807
1000000013819
1000000013869
1000000013933
1000000013941
1000000013959
1000000014001
1000000014007
1000000014077
1000000014107
1000000014121
1000000014151
1000000014157
1000000014173
1000000014187
1000000014203
1000000014227
1000000014271
1000000014283
1000000014311
1000000014323
1000000014353
1000000014367
1000000014401
1000000014407
1000000014421
1000000014439
1000000014443
1000000014463
1000000014467
1000000014527
1000000014529
1000000014583
1000000014589
1000000014593
1000000014613
1000000014617
1000000014631
1000000014647
1000000014691
1000000014731
1000000014749
1000000014833
1000000014863
1000000014869
1000000014917
1000000014929
1000000014931
1000000014967
1000000015019
1000000015061
1000000015067
1000000015087
1000000015127
1000000015153
1000000015159
1000000015177
1000000015229
1000000015277
1000000015309
1000000015447
1000000015471
1000000015501
1000000015519
1000000015523
1000000015537
1000000015579
1000000015591
1000000015633
1000000015643
1000000015697
1000000015699
1000000015753
1000000015757
1000000015759
1000000015783
1000000015787
1000000015799
1000000015829
1000000015879
1000000015891
1000000015939
1000000015951
1000000015979
1000000016009
1000000016039
1000000016047
1000000016053
1000000016063
1000000016111
1000000016129
1000000016173
1000000016227
1000000016231
1000000016237
1000000016339
1000000016347
1000000016357
1000000016377
1000000016381
1000000016387
1000000016399
1000000016417
1000000016419
1000000016479
1000000016507
1000000016531
1000000016569
1000000016621
1000000016629
1000000016651
1000000016843
1000000016849
1000000016861
1000000017031
1000000017041
1000000017043
1000000017067
1000000017173
1000000017187
1000000017251
1000000017277
1000000017281
1000000017301
1000000017319
1000000017323
1000000017343
1000000017353
1000000017413
1000000017427
1000000017461
1000000017479
1000000017493
1000000017503
1000000017509
1000000017529
1000000017547
1000000017563
1000000017581
1000000017607
1000000017617
1000000017629
1000000017631
1000000017637
1000000017673
1000000017719
1000000017721
1000000017839
1000000017847
1000000017869
1000000017889
1000000017893
1000000017911
1000000017917
1000000017923
1000000017943
1000000017949
1000000018103
1000000018117
1000000018123
1000000018151
1000000018153
1000000018201
1000000018247
1000000018261
1000000018273
1000000018289
1000000018301
1000000018319
1000000018333
1000000018363
1000000018393
1000000018417
1000000018463
1000000018471
1000000018489
1000000018519
1000000018639
1000000018643
1000000018673
1000000018679
1000000018729
1000000018733
1000000018741
1000000018753
1000000018757
1000000018781
1000000018931
1000000018951
1000000018957
1000000019023
1000000019099
1000000019101
1000000019111
1000000019131
1000000019143
1000000019159
1000000019167
1000000019171
1000000019201
1000000019233
1000000019267
1000000019269
1000000019281
1000000019339
1000000019351
1000000019407
1000000019413
1000000019429
1000000019437
1000000019471
1000000019483
1000000019519
1000000019521
1000000019549
1000000019569
1000000019597
1000000019701
1000000019713
1000000019719
1000000019773
1000000019789
1000000019803
1000000019869
1000000019873
1000000019897
1000000019899
1000000019939
1000000019959
1000000019969
1000000019983
1000000020001
1000000020049
1000000020083
1000000020197
1000000020221
1000000020241
1000000020269
1000000020287
1000000020307
1000000020337
1000000020403
1000000020427
1000000020431
1000000020473
1000000020517
1000000020521
1000000020527
1000000020563
1000000020637
1000000020647
1000000020661
1000000020683
1000000020847
1000000020869
1000000020907
1000000020911
1000000020913
1000000020953
1000000020959
1000000020973
1000000021001
1000000021003
1000000021043
1000000021073
1000000021129
1000000021133
1000000021157
1000000021219
1000000021249
1000000021301
1000000021303
1000000021327
1000000021333
1000000021367
1000000021369
1000000021379
1000000021403
1000000021421
1000000021481
1000000021487
1000000021511
1000000021523
1000000021547
1000000021591
1000000021649
1000000021687
1000000021711
1000000021733
1000000021777
1000000021793
1000000021807
1000000021897
1000000021927
1000000021939
1000000021949
1000000021973
1000000022023
1000000022029
1000000022059
1000000022101
1000000022111
1000000022149
1000000022183
1000000022213
1000000022239
1000000022269
1000000022317
1000000022363
1000000022377
1000000022419
1000000022431
1000000022443
1000000022449
1000000022467
1000000022519
1000000022579
1000000022587
1000000022599
1000000022611
1000000022663
1000000022713
1000000022761
1000000022797
1000000022809
1000000022837
1000000022839
1000000022887
1000000022921
1000000022963
1000000022969
1000000023019
1000000023023
1000000023089
1000000023101
1000000023131
1000000023149
1000000023157
1000000023179
1000000023181
1000000023193
1000000023203
1000000023223
1000000023241
1000000023271
1000000023289
1000000023307
1000000023329
1000000023349
1000000023353
1000000023419
1000000023487
1000000023523
1000000023571
1000000023599
1000000023641
1000000023691
1000000023707
1000000023713
1000000023727
1000000023733
1000000023749
1000000023751
1000000023779
1000000023791
1000000023811
1000000023823
1000000023859
1000000023881
1000000023937
1000000023941
1000000023977
1000000023983
1000000024039
1000000024043
1000000024069
1000000024073
1000000024081
1000000024097
1000000024117
1000000024141
1000000024169
1000000024171
1000000024181
1000000024187
1000000024189
1000000024223
1000000024249
1000000024279
1000000024301
1000000024319
1000000024333
1000000024381
1000000024409
1000000024423
1000000024481
1000000024487
1000000024547
1000000024613
1000000024633
1000000024657
1000000024679
1000000024691
1000000024721
1000000024753
1000000024813
1000000024843
1000000024897
1000000024913
1000000024927
1000000025009
1000000025039
1000000025041
1000000025069
1000000025119
1000000025183
1000000025221
1000000025243
1000000025251
1000000025273
1000000025281
1000000025293
1000000025327
1000000025359
1000000025383
1000000025399
1000000025467
1000000025503
1000000025513
1000000025537
1000000025543
1000000025593
1000000025683
1000000025741
1000000025797
1000000025809
1000000025831
1000000025887
1000000025903
1000000025911
1000000025933
1000000025939
1000000025957
1000000025971
1000000026029
1000000026059
1000000026131
1000000026173
1000000026199
1000000026217
1000000026293
1000000026301
1000000026317
1000000026349
1000000026353
1000000026359
1000000026367
1000000026379
1000000026397
1000000026407
1000000026409
1000000026419
1000000026433
1000000026451
1000000026481
1000000026497
1000000026551
1000000026583
1000000026659
1000000026691
1000000026703
1000000026733
1000000026737
1000000026769
1000000026799
1000000026827
1000000026829
1000000026833
1000000026877
1000000026889
1000000026923
1000000026929
1000000026947
1000000026959
1000000026967
1000000027007
1000000027057
1000000027063
1000000027109
1000000027111
1000000027139
1000000027151
1000000027171
1000000027189
1000000027237
1000000027261
1000000027319
1000000027333
1000000027427
1000000027447
1000000027487
1000000027489
1000000027517
1000000027519
1000000027547
1000000027553
1000000027577
1000000027591
1000000027627
1000000027643
1000000027669
1000000027681
1000000027693
1000000027769
1000000027801
1000000027811
1000000027837
1000000027877
1000000027889
1000000027913
1000000027919
1000000027979
1000000027991
1000000028017
1000000028087
1000000028099
1000000028143
1000000028147
1000000028191
1000000028201
1000000028243
1000000028389
1000000028399
1000000028407
1000000028441
1000000028449
1000000028483
1000000028491
1000000028519
1000000028543
1000000028561
1000000028579
1000000028597
1000000028611
1000000028627
1000000028639
1000000028659
1000000028693
1000000028701
1000000028749
1000000028791
1000000028803
1000000028843
1000000028957
1000000028971
1000000029019
1000000029029
1000000029031
1000000029071
1000000029089
1000000029103
1000000029131
1000000029137
1000000029173
1000000029181
1000000029191
1000000029199
1000000029221
1000000029233
1000000029247
1000000029263
1000000029331
1000000029389
1000000029403
1000000029433
1000000029529
1000000029619
1000000029629
1000000029631
1000000029697
1000000029739
1000000029757
1000000029767
1000000029781
1000000029817
1000000029859
1000000029869
1000000029883
1000000029971
1000000029983
1000000029989
1000000030019
1000000030027
1000000030067
1000000030087
1000000030093
1000000030121
1000000030129
1000000030181
1000000030187
1000000030201
1000000030207
1000000030217
1000000030219
1000000030229
1000000030231
1000000030313
1000000030319
1000000030321
1000000030327
1000000030331
1000000030429
1000000030453
1000000030493
1000000030529
1000000030559
1000000030571
1000000030651
1000000030721
1000000030741
1000000030793
1000000030873
1000000030891
1000000030901
1000000030919
1000000030921
1000000030943
1000000030957
1000000030969
1000000030973
1000000031053
1000000031057
1000000031143
1000000031167
1000000031203
1000000031207
1000000031209
1000000031257
1000000031263
1000000031299
1000000031311
1000000031323
1000000031339
1000000031351
1000000031353
1000000031423
1000000031441
1000000031453
1000000031467
1000000031491
1000000031549
1000000031603
1000000031629
1000000031651
1000000031659
1000000031663
1000000031707
1000000031747
1000000031749
1000000031759
1000000031791
1000000031801
1000000031813
1000000031857
1000000031939
1000000031941
1000000031963
1000000031993
1000000031999
1000000032007
1000000032047
1000000032067
1000000032077
1000000032079
1000000032091
1000000032137
1000000032223
