usage:
first day of the year--day given--result

2 298 5
3 115 5
2 49 1
4 120 4
2 145 6
3 169 3
7 325 2
7 40 4
4 324 5
3 172 6
4 350 3
6 69 4
3 308 2
6 109 2
2 241 4
6 30 0
4 90 2
4 183 4
2 256 5
3 106 3
2 189 1
6 17 1
7 289 1
7 80 2
3 84 2
4 244 2
1 110 5
2 345 3
5 26 2
2 55 0
3 51 4
5 75 2
4 113 4
6 39 2
4 77 3
6 45 1
3 303 4
4 297 6
5 2 6
3 356 1
1 270 4
6 38 1
5 306 2
1 191 2
2 229 6
6 234 1
6 90 4
1 304 3
5 84 4
5 89 2
5 130 1
4 310 5
2 321 0
1 176 1
4 258 2
7 50 0
5 158 1
7 301 6
1 353 3
7 65 1
6 255 1
4 13 2
4 125 2
4 65 5
2 301 1
5 10 0
6 171 1
2 257 6
2 77 1
5 332 0
1 357 0
5 257 2
4 353 6
4 6 2
4 77 3
4 315 3
5 11 1
5 193 1
7 285 4
5 227 0
5 172 1
3 44 4
7 74 3
1 352 2
6 250 3
5 4 1
4 92 4
1 273 0
4 211 4
4 178 6
3 233 4
1 136 3
3 95 6
6 139 4
1 223 6
1 235 4
2 121 3
4 254 5
6 339 1
5 105 4
7 316 0
5 223 3
7 128 1
1 4 4
5 292 2
1 144 4
7 315 6
5 162 5
1 3 3
7 59 2
1 185 3
4 137 0
7 90 5
5 17 0
2 148 2
5 170 6
5 356 3
6 147 5
1 40 5
5 341 2
2 216 0
7 249 3
2 158 5
6 334 3
2 106 2
1 145 5
2 204 2
1 113 1
2 314 0
3 240 4
4 11 0
6 76 4
3 320 0
1 3 3
2 134 2
3 84 2
5 221 1
6 274 6
4 137 0
4 299 1
6 28 5
5 50 5
4 243 1
5 161 4
6 52 1
4 45 6
1 204 1
6 313 3
5 104 3
3 276 5
6 176 6
4 222 1
5 85 5
5 294 4
2 132 0
1 224 0
2 64 2
1 27 6
6 320 3
2 257 6
1 105 0
7 318 2
5 307 3
7 349 5
6 98 5
3 283 5
5 11 1
4 312 0
2 152 6
5 202 3
6 226 0
3 203 2
6 217 5
4 356 2
6 300 4
4 302 4
7 309 0
3 355 0
5 278 2
2 53 5
3 356 1
4 290 6
4 357 3
5 346 0
6 235 2
5 310 6
3 125 1
2 20 0
1 259 0
3 148 3
5 16 6
3 115 5
4 97 2
7 91 6
3 200 6
6 267 6
1 238 0
1 74 4
5 187 2
7 132 5
2 361 5
2 276 4
1 348 5
4 96 1
4 188 2
5 193 1
1 212 2
4 288 4
5 294 4
3 201 0
6 282 0
5 77 4
6 52 1
7 19 4
7 329 6
1 178 3
6 351 6
4 202 2
1 266 0
3 333 6
3 60 6
4 51 5
2 350 1
3 97 1
7 236 4
6 164 1
1 159 5
7 307 5
4 26 1
6 333 2
3 359 4
3 72 4
6 239 6
3 194 0
3 332 5
1 351 1
2 203 1
4 180 1
1 259 0
6 223 4
6 334 3
3 281 3
4 21 3
3 220 5
6 65 0
1 162 1
5 214 1
4 44 5
6 267 6
4 350 3
1 282 2
2 141 2
6 131 3
2 189 1
6 357 5
4 153 2
3 192 5
7 334 4
6 173 3
5 20 3
1 134 1
7 304 2
6 174 4
3 318 5
5 344 5
6 67 2
1 154 0
3 262 5
7 288 0
4 67 0
7 13 5
4 244 2
4 295 4
5 302 5
3 159 0
6 223 4
4 20 2
3 281 3
3 267 3
7 28 6
7 52 2
6 22 6
3 63 2
4 250 1
7 251 5
1 271 5
5 54 2
4 111 2
6 362 3
5 209 3
7 127 0
7 330 0
5 352 6
7 99 0
1 361 4
3 16 4
5 348 2
4 11 0
6 205 0
5 36 5
5 337 5
7 361 3
1 91 0
5 256 1
3 277 6
2 124 6
7 290 2
2 67 5
4 339 6
7 47 4
5 53 1
1 139 6
5 349 3
3 86 4
2 170 3
3 161 2
3 64 3
4 172 0
4 21 3
4 124 1
6 286 4
5 219 6
2 342 0
7 3 2
2 211 2
6 42 5
3 237 1
2 181 0
1 214 4
5 291 1
2 148 2
1 166 5
6 125 4
3 249 6
4 159 1
5 326 1
7 261 1
5 48 3
1 100 2
2 68 6
6 226 0
4 334 1
2 50 2
4 200 0
7 175 6
4 165 0
7 336 6
3 51 4
4 305 0
4 365 4
1 189 0
5 302 5
5 263 1
5 203 4
2 159 6
2 191 3
2 140 1
2 241 4
7 66 2
3 336 2
4 83 2
7 80 2
6 102 2
3 273 2
4 189 3
3 21 2
2 115 4
7 220 2
4 65 5
6 134 6
6 329 5
6 2 0
4 242 0
6 51 0
7 201 4
6 66 1
5 281 5
2 96 6
4 36 4
6 64 6
6 159 3
7 362 4
5 167 3
4 286 2
4 32 0
4 340 0
6 137 2
4 222 1
6 344 6
2 204 2
2 176 2
7 345 1
3 298 6
5 357 4
1 204 1
4 76 2
1 266 0
7 153 5
2 46 5
3 182 2
6 252 5
4 321 2
6 257 3
5 285 2
1 332 3
6 172 2
4 151 0
5 359 6
1 351 1
2 176 2
7 288 0
1 192 3
1 82 5
7 138 4
3 53 6
5 89 2
7 359 1
5 210 4
5 346 0
5 243 2
4 10 6
2 213 4
5 82 2
1 245 0
2 73 4
5 139 3
5 65 6
6 308 5
7 69 5
6 157 1
5 40 2
3 309 3
7 291 3
5 41 3
1 165 4
4 341 1
5 215 2
7 95 3
7 153 5
5 124 2
2 153 0
6 346 1
4 111 2
1 247 2
5 8 5
5 61 2
4 43 4
7 82 4
5 41 3
3 363 1
3 290 5
5 264 2
7 286 5
5 195 3
1 334 5
2 58 3
2 99 2
3 346 5
7 208 4
6 273 5
6 25 2
2 264 6
5 222 2
3 161 2
2 352 3
1 351 1
3 13 1
7 173 4
4 244 2
4 131 1
3 80 5
3 340 6
3 351 3
5 30 6
5 307 3
2 291 5
1 30 2
2 158 5
6 52 1
1 273 0
6 360 1
7 196 6
4 143 6
5 65 6
2 130 5
1 115 3
2 19 6
4 272 2
5 45 0
2 203 1
1 364 0
7 76 5
2 317 3
6 39 2
1 70 0
5 289 6
6 329 5
4 319 0
7 247 1
5 251 3
5 214 1
1 346 3
5 215 2
1 243 5
2 71 2
6 4 2
3 208 0
3 346 5
4 320 1
3 45 5
5 89 2
1 336 0
7 336 6
1 283 3
1 308 0
3 353 5
1 52 3
2 272 0
2 344 2
3 161 2
2 354 5
7 1 0
6 127 6
1 239 1
5 248 0
3 230 1
6 135 0
1 273 0
3 248 5
1 81 4
4 241 6
4 230 2
3 160 1
6 194 3
3 168 2
4 70 3
7 36 0
1 236 5
2 177 3
2 127 2
7 151 3
7 156 1
3 197 3
7 151 3
6 135 0
3 153 1
3 59 5
3 62 1
1 35 0
7 115 2
5 128 6
5 243 2
2 16 3
4 334 1
1 346 3
5 135 6
6 92 6
7 52 2
7 236 4
1 4 4
4 194 1
4 141 4
6 298 2
6 230 4
7 342 5
6 53 2
4 47 1
5 28 4
5 291 1
3 263 6
3 340 6
1 161 0
2 206 4
7 356 5
2 299 6
3 330 3
2 275 3
1 262 3
7 191 1
3 57 3
2 111 0
1 30 2
2 47 6
5 104 3
2 303 3
7 126 6
1 158 4
4 101 6
4 16 5
1 322 0
1 210 0
1 324 2
7 274 0
6 209 4
3 352 4
5 25 1
5 259 4
5 15 5
7 362 4
7 36 0
3 121 4
5 334 2
5 207 1
7 35 6
2 285 6
1 55 6
1 36 1
2 132 0
5 240 6
3 292 0
4 0 3
2 83 0
2 255 4
2 323 2
7 341 4
6 308 5
5 280 4
5 133 4
7 103 4
5 351 5
7 284 3
6 35 5
2 303 3
2 23 3
4 142 5
2 162 2
7 25 3
1 283 3
5 101 0
4 289 5
1 358 1
1 297 3
2 265 0
3 275 4
7 357 6
3 32 6
1 184 2
1 354 4
7 234 2
4 56 3
3 85 3
4 35 3
2 346 4
1 149 2
4 193 0
6 41 4
3 186 6
4 339 6
7 161 6
7 337 0
2 267 2
7 62 5
2 194 6
2 330 2
1 186 4
5 320 2
6 122 1
3 140 2
4 66 6
4 66 6
4 245 3
6 326 2
3 80 5
7 33 4
4 305 0
5 152 2
4 255 6
7 50 0
3 23 4
2 269 4
2 284 5
2 239 2
6 337 6
3 266 2
3 309 3
5 178 0
3 198 4
2 136 4
3 195 1
7 36 0
3 298 6
2 100 3
1 161 0
1 29 1
5 171 0
2 152 6
5 280 4
7 253 0
3 287 2
1 47 5
6 245 5
7 177 1
3 122 5
7 114 1
3 116 6
1 211 1
1 338 2
1 360 3
6 101 1
3 77 2
6 79 0
4 362 1
1 137 4
4 4 0
6 162 6
3 46 6
4 159 1
3 242 6
4 294 3
7 116 3
4 140 3
1 341 5
7 154 6
5 129 0
6 116 2
5 162 5
5 317 6
7 72 1
2 167 0
5 28 4
2 9 3
7 128 1
5 56 4
6 333 2
5 119 4
4 278 1
3 292 0
4 254 5
4 347 0
2 93 3
2 229 6
2 175 1
3 297 5
3 151 6
6 81 2
2 185 4
5 13 3
7 266 6
5 75 2
5 178 0
6 198 0
7 212 1
4 102 0
4 328 2
1 0 0
2 62 0
2 193 5
1 168 0
1 243 5
6 346 1
1 258 6
1 298 4
5 236 2
2 98 1
1 189 0
7 140 6
6 249 2
3 269 5
7 335 5
2 316 2
5 292 2
7 322 6
4 9 5
6 2 0
7 327 4
6 335 4
1 148 1
7 6 5
2 99 2
2 89 6
4 263 0
5 191 6
3 222 0
6 14 5
5 207 1
7 284 3
6 226 0
3 12 0
5 247 6
6 245 5
2 121 3
5 309 5
1 240 2
2 171 4
3 178 5
1 268 2
7 129 2
4 346 6
1 188 6
2 176 2
5 208 2
2 46 5
4 217 3
5 185 0
1 320 5
7 65 1
7 37 1
7 228 3
6 324 0
4 258 2
3 175 2
2 335 0
4 254 5
2 48 0
5 193 1
7 113 0
6 201 3
7 351 0
4 341 1
7 274 0
4 358 4
2 253 2
1 348 5
5 190 5
3 272 1
7 76 5
2 0 1
4 26 1
4 119 3
6 338 0
1 180 5
5 229 2
4 244 2
7 315 6
5 18 1
7 154 6
3 197 3
7 165 3
2 157 4
2 243 6
3 319 6
4 151 0
6 247 0
3 90 1
1 133 0
7 195 5
4 271 1
5 211 5
3 31 5
3 250 0
6 143 1
6 308 5
7 205 1
6 36 6
4 344 4
1 308 0
3 357 2
6 133 5
3 153 1
1 362 5
7 168 6
5 117 2
7 8 0
7 347 3
3 5 0
7 336 6
1 152 5
7 5 4
5 144 1
5 112 4
6 202 4
5 302 5
7 154 6
2 189 1
2 51 3
6 353 1
6 17 1
1 50 1
1 314 6
5 312 1
2 145 6
4 226 5
5 320 2
7 47 4
3 154 2
2 345 3
7 95 3
7 308 6
7 109 3
2 316 2
1 324 2
4 261 5
5 289 6
2 125 0
3 225 3
6 315 5
1 112 0
2 184 3
7 289 1
6 47 3
3 272 1
6 317 0
3 190 3
1 133 0
6 273 5
3 342 1
4 268 5
1 89 5
7 190 0
3 311 5
3 167 1
2 302 2
1 194 5
7 228 3
2 233 3
7 78 0
2 60 5
3 146 1
3 46 6
2 308 1
3 121 4
1 191 2
1 39 4
3 97 1
5 252 4
5 160 3
6 61 3
1 216 6
7 98 6
3 255 5
2 354 5
2 110 6
6 120 6
3 56 2
5 171 0
5 127 5
5 166 2
1 198 2
3 357 2
3 316 3
4 220 6
6 55 4
4 331 5
3 177 4
4 108 6
2 277 5
6 158 2
6 26 3
5 36 5
2 85 2
2 329 1
4 16 5
1 289 2
2 216 0
4 26 1
7 281 0
7 35 6
7 168 6
3 124 0
2 69 0
5 46 1
7 210 6
5 250 2
6 364 5
2 77 1
7 252 6
4 54 1
6 52 1
3 240 4
7 139 5
7 193 3
4 30 5
3 274 3
4 234 6
7 302 0
6 147 5
5 166 2
7 68 4
7 352 1
1 336 0
4 156 5
2 227 4
1 124 5
4 70 3
5 306 2
5 24 0
6 23 0
3 243 0
6 134 6
1 211 1
7 296 1
7 176 0
7 108 2
3 146 1
1 317 2
7 157 2
6 97 4
1 76 6
6 180 3
5 345 6
4 115 6
7 11 3
5 305 1
7 69 5
5 5 2
5 268 6
1 31 3
4 32 0
7 329 6
6 233 0
