usage:
a(n)=a(n-1)*k+q
k--q--p1--p2--p3--p4--resault

4 3 30 127 511 2048 2
1 2 12 60 63 65 2
4 3 18 95 192 965 0
2 3 15 35 73 149 3
4 2 9 42 170 682 3
4 2 6 18 60 305 0
1 2 20 23 25 27 3
2 3 7 17 37 77 4
2 3 21 47 97 197 3
2 1 17 35 71 143 4
3 2 29 89 450 1804 2
2 3 15 33 69 141 4
4 3 43 175 703 2815 4
3 1 16 80 160 324 0
1 1 5 6 7 8 4
3 3 24 75 228 687 4
3 3 12 39 120 363 4
3 2 15 32 132 399 0
2 2 36 185 558 1677 0
4 2 46 186 746 2986 4
4 1 12 48 197 789 2
4 4 18 54 270 1360 0
3 1 24 50 255 1024 0
2 3 9 21 45 93 4
4 1 36 114 230 924 0
1 1 10 11 12 65 3
4 4 48 196 394 1975 2
2 1 19 39 79 159 4
2 3 25 53 109 221 4
4 2 45 186 746 2986 3
1 2 25 75 300 1208 0
1 1 11 12 13 42 3
2 2 20 100 400 2010 0
1 2 5 28 116 351 0
3 3 40 80 160 810 0
3 1 16 49 148 445 4
1 1 6 8 9 10 3
2 2 18 40 82 166 3
1 1 6 8 9 10 3
1 3 20 24 27 30 3
1 1 15 60 120 610 0
2 4 4 14 32 66 2
4 4 48 196 985 2958 2
2 1 24 51 103 207 3
1 1 7 8 9 40 3
1 4 28 140 145 149 2
1 1 20 88 356 1785 0
3 2 15 50 152 765 2
4 2 20 100 300 604 0
4 3 22 92 279 560 0
2 3 10 44 135 408 0
3 4 9 36 152 306 0
3 2 35 107 216 1085 2
3 1 34 103 310 931 4
1 3 5 8 11 14 4
4 1 30 125 501 1004 2
2 2 14 32 66 134 3
3 3 20 66 201 606 3
1 1 5 6 28 116 2
1 1 27 81 83 84 2
1 3 16 20 23 26 3
2 1 27 57 115 231 3
3 4 12 43 133 268 2
3 2 14 42 126 256 0
1 3 5 8 18 95 2
3 1 9 45 235 1180 0
3 1 7 22 67 202 4
4 3 15 63 255 1023 4
3 4 12 36 108 220 0
2 2 16 34 70 142 4
1 3 14 17 20 23 4
4 1 12 36 144 584 0
1 2 10 12 39 160 2
1 2 5 7 9 11 4
2 3 21 84 173 349 2
3 3 16 48 200 402 0
3 1 14 46 139 418 3
1 3 35 140 144 147 2
4 1 21 85 341 1365 4
4 1 10 45 181 725 3
3 1 7 22 67 202 4
2 3 9 21 45 93 4
2 4 36 72 148 447 0
3 1 40 124 373 1122 2
3 2 17 53 161 485 4
2 2 16 48 100 202 2
3 4 4 16 55 169 2
2 1 12 27 55 111 3
2 3 50 105 213 429 3
2 4 25 56 116 236 3
4 3 11 47 191 960 3
2 4 40 200 406 816 2
4 4 40 164 660 2644 2
3 2 26 80 324 1625 2
4 1 44 135 544 2180 0
1 4 11 15 32 66 2
4 4 40 164 660 2644 4
4 4 12 52 212 852 4
1 3 8 12 15 80 2
2 3 17 37 77 157 4
3 2 12 48 200 804 0
2 3 15 60 125 253 2
2 4 25 56 116 236 3
2 3 23 49 101 205 4
3 1 40 124 373 1120 3
2 4 8 22 48 147 2
4 3 39 159 639 3200 3
4 3 11 47 191 960 3
2 2 20 44 90 455 2
2 3 16 90 455 1368 0
1 4 8 13 17 21 3
2 2 28 112 560 2248 0
1 1 4 5 6 7 4
1 1 7 8 9 10 4
4 1 5 25 101 405 3
3 3 20 100 306 921 2
1 3 7 10 13 16 4
3 4 28 88 268 1076 3
4 3 8 39 159 639 3
4 1 15 45 141 426 0
4 4 30 150 456 1371 0
4 4 14 32 66 268 0
3 4 18 90 270 1360 0
3 3 25 54 220 663 0
2 2 36 76 154 310 3
4 4 40 164 660 2644 4
1 3 30 120 124 127 2
3 3 18 57 174 525 4
3 2 17 53 162 652 2
2 4 20 44 92 188 4
1 3 4 24 75 304 0
4 2 24 72 360 724 0
3 2 29 89 360 1083 2
3 4 9 36 108 440 0
3 4 28 88 268 538 3
1 2 40 84 170 684 0
4 2 12 70 142 429 0
4 3 23 95 384 1925 2
3 2 24 120 365 1097 2
4 2 36 150 602 2410 3
1 3 16 80 84 87 2
1 4 13 17 21 25 4
2 3 40 84 340 682 0
4 1 33 133 536 1074 2
1 2 16 19 21 23 3
3 2 30 64 325 1304 0
2 2 30 64 130 262 3
4 2 20 86 346 694 2
2 1 4 20 66 268 0
2 4 10 24 52 212 3
4 4 40 84 425 852 0
4 1 4 21 85 341 3
2 4 40 86 176 885 2
1 1 18 20 21 22 3
2 1 25 53 107 215 3
2 1 23 47 95 384 3
1 1 30 120 488 1956 0
4 4 32 132 399 1200 2
3 2 4 17 53 270 2
1 4 16 21 25 78 2
4 4 44 180 362 1089 2
4 3 43 175 703 2815 4
1 2 10 40 43 45 2
1 3 9 12 15 18 4
1 4 15 19 23 27 4
2 3 19 41 85 173 4
4 2 26 106 426 1706 4
2 4 4 14 32 68 3
1 2 36 39 41 43 3
3 4 21 70 214 646 3
4 1 24 72 293 1173 2
2 1 8 19 39 79 3
3 1 22 67 204 820 2
2 4 2 10 24 52 3
4 1 6 24 101 405 2
4 2 36 108 324 1630 0
3 1 5 19 58 236 2
3 2 35 107 323 971 4
1 4 15 19 23 27 4
1 3 14 17 20 63 3
3 2 20 65 197 593 3
4 3 50 100 407 1631 2
3 3 30 96 291 876 3
3 2 20 62 188 566 4
4 3 23 95 383 1535 4
4 3 27 111 447 2240 3
4 4 24 100 404 1215 3
2 1 50 250 503 1007 2
4 4 50 200 808 3236 2
2 3 2 9 21 44 2
4 2 22 90 182 549 2
3 2 35 107 323 971 4
1 3 5 8 11 14 4
3 4 13 43 133 403 4
3 2 18 59 179 539 3
3 4 30 62 126 508 0
3 3 30 93 282 849 4
1 2 6 24 50 102 0
2 2 10 22 46 94 4
4 2 14 58 234 938 4
1 4 12 60 180 910 0
3 3 6 21 66 268 0
4 3 27 115 463 1855 3
3 4 16 80 247 745 2
3 2 32 98 296 890 4
1 4 12 17 21 25 3
4 1 12 48 197 789 2
2 1 32 165 830 4155 0
4 2 18 74 375 1504 2
1 1 24 26 27 28 3
2 4 6 14 75 304 0
2 4 24 52 108 220 4
2 2 18 38 78 158 3
2 4 6 16 85 430 0
4 1 33 133 670 3355 2
2 4 26 56 116 351 3
3 3 50 250 756 2271 2
1 4 30 60 65 69 2
4 3 23 95 383 1535 4
4 1 45 181 725 2901 4
3 1 7 22 67 272 3
3 3 20 80 246 1235 0
3 3 24 75 228 916 3
2 3 18 36 77 157 2
3 1 28 85 256 769 4
2 2 20 100 400 1206 0
3 2 15 50 152 458 3
1 1 20 22 23 48 2
2 3 21 45 138 278 2
2 2 20 80 164 330 2
2 4 28 56 118 240 2
1 2 12 15 17 90 2
4 2 21 84 168 680 0
3 2 8 26 80 242 4
2 1 9 19 39 79 4
1 1 36 38 39 40 3
4 3 36 151 607 2431 3
4 3 15 67 271 1087 3
3 3 14 28 90 273 2
1 3 6 9 30 155 2
2 4 6 18 40 82 2
4 1 21 85 172 865 2
1 3 5 8 11 60 3
3 4 24 48 192 776 0
2 2 6 14 30 62 4
2 2 10 22 46 235 3
4 3 15 63 255 1023 4
4 2 10 60 183 920 0
3 1 14 70 214 643 2
1 4 13 17 21 25 4
1 2 5 7 9 11 4
3 4 34 106 322 970 4
3 4 16 90 364 1825 0
2 3 9 23 49 250 2
3 1 34 103 310 931 4
4 3 45 225 900 2706 0
1 2 15 32 165 830 0
1 2 40 43 45 47 3
3 1 4 8 28 85 2
4 2 30 155 624 1250 0
4 4 24 100 404 810 2
4 3 33 102 515 2580 0
3 2 6 12 41 125 2
1 3 15 85 344 1380 0
3 4 9 34 106 428 2
4 2 20 86 346 1386 3
4 2 5 26 106 426 3
4 1 2 4 12 65 0
4 3 20 87 351 704 2
3 1 15 49 148 445 3
2 1 5 13 27 56 2
1 3 8 40 168 338 0
4 2 8 32 102 412 0
2 2 32 64 132 266 2
3 4 3 6 25 79 2
1 2 24 27 29 90 2
3 1 31 94 283 850 4
2 1 9 45 235 472 0
3 2 32 98 396 794 2
3 4 16 55 169 680 2
3 4 10 34 106 322 4
3 3 12 42 129 390 3
3 2 14 30 124 375 0
1 3 10 13 16 19 4
4 3 44 180 362 1089 0
4 1 20 40 84 340 0
2 1 16 90 364 1095 0
3 3 8 30 93 282 3
4 2 8 32 128 260 0
3 1 31 94 283 1420 3
2 2 24 50 102 206 4
1 3 12 16 19 22 3
2 2 22 46 94 190 4
3 4 8 24 79 241 2
2 3 40 126 254 1275 0
3 4 28 88 445 1784 2
4 3 27 115 463 1855 3
3 1 16 49 148 445 4
3 4 16 52 160 484 4
3 1 24 120 364 1093 2
3 1 8 28 85 256 3
3 4 21 105 322 970 2
4 4 16 68 276 1108 4
1 2 18 80 243 976 0
2 1 9 36 114 460 0
2 4 5 10 26 56 2
3 4 37 115 349 1051 4
1 2 12 14 16 18 4
2 1 17 35 71 143 4
1 3 11 14 17 20 4
1 4 14 18 38 195 2
3 4 10 34 106 322 4
3 3 18 60 183 552 3
4 3 15 75 307 1231 2
2 2 28 56 116 234 2
2 4 18 40 84 255 3
4 4 36 76 385 1544 0
3 4 28 91 277 835 3
3 3 40 200 606 1821 2
2 2 22 46 94 190 4
2 4 4 20 60 186 0
3 2 14 56 280 846 0
2 2 6 14 30 62 4
3 2 18 72 370 1113 0
3 4 16 64 128 520 0
4 2 21 90 362 1450 3
2 3 14 33 69 141 3
4 4 10 48 196 788 3
1 3 8 11 14 17 4
4 3 35 175 707 2831 2
1 3 9 50 153 770 0
2 4 5 10 50 260 0
1 4 12 16 51 260 2
3 3 2 12 39 80 2
4 1 13 53 213 853 4
3 1 14 56 224 452 0
3 2 20 62 188 566 4
1 3 30 34 37 190 2
4 1 60 122 615 2464 0
2 3 3 11 25 53 3
3 1 21 63 130 524 0
2 4 24 52 108 220 4
3 2 32 98 296 890 4
4 4 24 48 100 202 0
3 3 24 78 237 714 3
4 1 37 149 597 2389 4
2 3 6 40 164 330 0
2 1 21 43 87 175 4
3 4 34 106 322 970 4
4 2 4 22 90 362 3
4 2 8 16 70 282 2
2 3 14 28 61 125 2
3 2 18 90 276 554 0
3 1 22 67 202 607 4
2 2 14 30 62 126 4
1 4 8 12 52 106 2
2 1 23 47 95 288 3
3 2 20 65 197 593 3
2 3 25 54 220 442 0
4 4 20 88 356 1428 3
2 3 24 48 101 205 2
1 3 30 150 154 157 2
2 2 40 84 170 342 2
1 4 10 14 18 22 4
3 4 10 37 115 349 3
4 1 27 113 453 2270 2
4 3 15 67 271 1087 3
4 4 9 44 180 724 3
4 2 10 20 86 346 2
2 3 30 150 304 1220 0
2 2 14 30 155 780 2
3 1 18 58 175 526 3
3 1 36 152 459 1840 0
4 1 28 117 469 1877 3
3 3 36 185 372 746 0
3 3 20 80 320 644 0
3 3 15 48 245 984 2
4 4 40 210 422 1692 0
3 1 25 76 229 688 4
4 1 21 89 357 1429 3
4 4 48 196 788 3156 4
2 2 24 50 255 512 2
4 1 3 17 69 277 3
1 2 44 90 182 732 0
3 1 15 75 375 1131 0
2 1 5 11 23 96 3
4 4 20 88 356 1428 3
3 1 25 76 308 618 2
2 3 21 45 93 189 4
4 4 14 70 288 1156 2
1 1 9 10 11 24 3
2 4 12 30 64 132 3
2 4 16 32 64 132 0
4 1 25 105 421 1685 3
1 3 10 40 126 381 0
3 3 35 148 596 2388 0
3 2 36 113 341 1025 3
1 1 36 38 39 40 3
3 4 25 100 300 604 0
4 4 25 108 436 1748 3
4 2 18 74 375 752 2
1 1 30 32 33 34 3
4 4 16 68 276 1108 4
4 4 4 16 72 292 2
2 2 8 18 38 117 2
3 3 27 84 255 768 4
4 3 32 128 519 2079 2
4 3 35 143 432 866 2
3 4 5 22 70 214 3
3 4 20 40 127 385 2
2 2 10 22 46 141 3
1 2 25 52 159 320 0
2 3 32 160 324 975 0
2 4 2 10 24 52 3
1 1 12 24 26 27 2
3 4 8 24 48 100 0
3 4 32 102 309 1550 0
3 1 20 64 193 580 3
4 3 9 44 225 452 0
3 1 25 76 229 688 4
1 3 16 32 68 345 0
2 1 12 60 123 247 2
1 4 25 30 34 38 3
3 4 35 112 340 1024 3
3 1 21 63 193 580 2
2 4 16 48 102 208 2
1 4 10 14 18 22 4
1 4 45 184 925 3704 0
2 1 7 15 64 195 2
4 4 5 28 116 468 3
2 2 20 44 90 364 2
2 3 5 15 33 69 3
1 3 6 9 40 82 2
2 2 10 50 104 525 0
3 4 19 61 124 375 2
1 3 50 54 57 60 3
3 1 19 58 175 526 4
4 2 12 60 248 498 0
4 2 6 30 120 244 0
4 4 18 90 368 1476 2
2 3 7 17 37 77 4
1 4 12 16 20 24 4
3 3 9 33 102 309 3
2 3 11 25 53 109 4
4 3 35 143 575 2303 4
1 1 27 108 432 1302 0
1 4 35 140 145 149 2
2 2 20 44 90 182 3
3 3 15 48 147 444 4
2 4 10 24 52 108 4
1 4 9 13 17 21 4
2 3 15 35 73 149 3
3 1 18 58 175 526 3
3 2 4 17 53 161 3
1 1 6 18 20 21 2
4 2 33 68 276 1385 0
3 4 16 52 160 322 3
1 3 45 225 1125 5635 0
4 4 12 36 152 612 2
2 4 45 96 196 396 3
1 3 14 18 21 24 3
3 2 27 54 270 544 0
4 3 43 175 703 2815 4
1 3 7 10 13 16 4
2 2 18 40 82 166 3
2 4 26 56 116 236 4
4 2 24 102 410 1642 3
1 4 36 72 148 745 0
1 3 14 17 20 23 4
1 1 24 104 210 422 0
2 2 22 46 94 190 4
4 2 12 26 108 545 0
1 3 9 12 15 18 4
3 4 22 70 214 646 4
4 4 40 168 676 2031 2
3 4 6 18 61 187 2
3 4 20 100 307 925 2
4 2 2 14 58 234 3
4 1 13 53 213 642 3
2 2 16 36 74 150 3
3 4 9 36 180 728 0
3 3 40 200 606 1821 2
3 4 13 43 133 403 4
2 2 21 42 132 665 0
1 4 14 18 22 26 4
3 2 20 40 125 377 2
1 1 14 16 17 18 3
2 3 8 24 53 109 2
2 1 32 67 135 271 3
2 1 30 120 243 487 2
2 2 27 58 118 357 2
4 4 10 24 100 404 0
4 1 6 18 40 205 0
2 2 50 208 836 1674 0
3 4 18 61 187 565 3
1 2 18 21 23 25 3
2 1 23 47 240 1205 2
2 1 36 75 151 303 3
4 3 31 127 512 1026 2
4 1 13 53 213 853 4
4 3 33 68 138 556 0
2 1 27 57 115 464 2
1 4 24 29 33 102 2
3 1 34 103 208 1045 2
3 1 21 105 319 958 2
3 3 28 56 174 525 2
1 1 3 4 5 6 4
1 4 44 225 678 1358 0
4 3 15 63 255 1023 4
1 4 15 30 160 805 0
3 3 27 84 255 768 4
3 3 3 9 33 102 2
3 1 45 184 925 2778 0
1 4 25 135 408 1636 0
3 1 4 8 30 155 0
4 4 3 20 84 170 2
2 2 20 42 86 174 4
1 4 7 11 15 19 4
2 1 9 19 39 79 4
3 3 27 84 255 768 4
2 1 30 63 127 255 3
3 4 8 31 97 295 3
1 4 12 16 20 24 4
4 4 8 36 185 930 0
1 2 15 18 20 22 3
2 1 28 60 122 369 0
4 1 27 108 437 1749 2
3 2 40 125 377 1133 3
1 1 14 16 17 18 3
2 1 21 43 87 175 4
1 3 28 32 35 38 3
1 3 10 13 16 68 3
4 3 4 18 38 156 0
3 3 15 51 156 471 3
1 2 4 7 9 20 2
1 3 7 10 13 42 3
2 2 6 14 30 62 4
4 1 20 100 204 820 0
3 1 32 165 664 3325 0
4 3 39 159 639 2559 4
4 3 4 12 55 223 2
3 1 8 28 85 256 3
4 2 14 56 112 228 0
1 4 10 15 19 23 3
4 1 32 64 261 1045 2
2 4 30 120 246 496 2
1 4 12 17 21 25 3
1 4 11 15 19 100 3
1 3 14 17 20 23 4
3 4 8 30 124 375 0
4 2 27 112 452 1812 0
2 3 25 53 109 221 4
1 2 12 14 16 18 4
3 4 32 103 313 943 3
3 4 12 43 133 670 2
4 4 40 164 825 2478 2
3 2 35 107 323 971 4
4 2 22 90 362 1450 4
3 2 8 40 125 377 2
2 4 50 104 210 844 0
2 4 22 48 100 202 3
3 4 45 142 430 1294 3
4 2 30 120 486 1946 2
2 4 36 78 160 324 3
4 4 20 60 248 996 2
3 2 10 35 107 323 3
2 1 5 15 45 94 0
1 1 9 10 11 12 4
2 1 15 31 96 291 2
4 1 28 112 336 676 0
3 4 5 15 30 64 0
3 2 10 40 200 606 0
2 4 12 30 64 132 3
4 4 30 90 368 1476 2
1 3 4 8 11 24 2
2 2 5 14 30 62 3
2 2 40 80 164 330 2
1 2 8 10 12 14 4
4 1 8 24 101 405 2
2 4 9 50 153 770 0
3 3 18 57 174 525 4
1 1 24 26 27 84 2
1 1 6 7 40 82 2
4 2 20 86 346 1386 3
3 2 35 107 323 971 4
4 4 14 56 280 846 0
3 1 22 67 202 607 4
4 1 24 96 288 1450 0
3 3 15 45 141 426 2
2 1 16 48 99 199 2
1 4 8 12 16 20 4
3 2 18 36 113 341 2
2 3 18 41 85 173 3
1 4 18 38 78 316 0
3 3 8 30 93 282 3
3 2 45 140 422 1268 3
2 1 50 250 504 1010 0
4 2 38 154 618 2474 4
4 2 10 30 126 506 2
3 3 9 44 135 680 0
2 4 48 98 198 796 0
2 4 16 36 76 156 4
1 1 20 40 120 366 0
3 2 20 60 185 557 2
2 1 4 20 88 178 0
3 4 40 123 248 1245 0
3 4 34 106 322 646 3
2 2 27 81 166 334 2
2 2 4 16 36 74 2
3 3 6 18 60 305 0
2 1 12 36 75 151 2
4 2 26 106 426 1706 4
3 2 11 35 107 323 4
1 3 11 14 17 36 3
2 1 10 23 47 95 3
2 1 24 48 99 199 2
3 4 13 43 133 403 4
1 1 16 32 34 35 2
1 3 5 8 11 14 4
4 4 8 40 164 660 3
2 1 28 60 244 490 0
4 2 42 170 682 2730 4
1 4 13 17 21 25 4
4 4 10 48 196 788 3
3 2 35 107 323 971 4
4 1 24 96 392 786 0
3 3 33 102 515 2064 2
4 3 27 115 463 928 2
1 4 14 18 38 117 2
2 4 20 46 96 196 3
4 1 21 85 341 1365 4
2 2 24 50 255 512 2
3 1 20 64 193 580 3
4 1 16 90 364 1825 0
2 4 24 48 102 208 2
3 2 40 200 605 1817 2
2 3 6 17 37 190 2
1 1 5 6 7 8 4
1 1 20 80 82 83 2
1 4 12 16 85 430 2
2 4 20 80 166 336 2
1 1 12 13 14 15 4
4 2 30 126 506 2026 3
4 1 45 225 905 3621 2
3 1 19 58 177 890 2
4 3 39 159 639 2559 4
3 2 8 24 77 233 2
1 3 8 20 105 424 0
3 3 45 180 546 1641 2
4 1 21 89 357 1429 3
4 4 24 100 404 1620 4
2 4 15 60 300 604 0
3 4 31 97 295 889 4
3 3 16 54 165 498 3
1 2 12 14 16 34 3
2 4 20 44 92 188 4
1 3 45 141 284 570 0
4 4 44 180 724 2900 4
2 4 24 52 108 220 4
4 3 35 143 575 2304 3
3 3 12 39 120 484 2
3 3 3 10 33 102 0
1 2 12 24 27 29 2
2 2 20 42 86 174 4
2 1 16 48 99 199 2
3 1 22 67 202 607 4
4 2 46 186 746 2986 4
2 3 20 40 85 173 2
1 3 30 60 64 67 2
4 2 50 100 406 1626 2
2 4 16 36 76 156 4
3 4 40 127 385 1158 2
3 1 34 103 312 1565 2
3 3 12 24 78 237 2
4 1 17 69 277 1109 4
1 3 8 11 14 17 4
2 3 24 96 384 1544 0
4 4 12 52 212 852 4
2 3 27 56 285 858 0
4 3 47 191 384 1540 2
4 2 2 8 38 154 2
2 3 10 25 53 162 2
1 2 10 12 14 16 4
1 2 16 48 51 53 2
4 4 24 48 200 804 2
4 2 14 58 234 938 4
1 3 2 6 30 96 0
2 4 18 40 84 425 3
1 3 11 14 17 20 4
4 4 36 74 225 452 0
4 2 20 66 268 1076 0
1 4 6 10 14 18 4
1 1 3 12 14 15 2
1 1 40 42 43 44 3
3 2 21 88 356 1428 0
3 4 14 70 350 1408 0
4 1 33 133 533 2133 4
1 3 9 12 15 18 4
1 2 10 12 14 16 4
4 1 33 133 533 2133 4
2 3 15 75 155 313 2
4 2 22 90 362 1450 4
4 1 25 81 246 1235 0
3 4 21 70 214 646 3
2 1 8 19 39 80 2
2 4 40 86 176 356 3
1 4 11 15 19 23 4
1 2 40 160 324 975 0
2 2 15 34 70 142 3
1 2 36 180 364 1825 0
2 4 8 20 44 92 4
3 4 37 115 349 1050 3
2 3 15 75 225 1135 0
2 1 13 27 55 111 4
4 1 41 165 661 2645 4
3 4 25 79 241 727 4
3 4 16 52 160 484 4
4 3 23 95 383 1535 4
2 1 13 27 55 111 4
3 2 20 62 188 945 3
2 1 18 39 79 159 3
4 1 12 48 197 789 2
4 3 8 39 159 800 2
4 3 12 55 223 895 3
2 2 24 50 102 206 3
2 3 35 175 885 3544 0
2 4 27 87 440 2205 0
1 3 3 7 10 55 2
3 3 18 54 168 507 2
2 2 22 46 94 190 4
3 4 22 70 214 646 4
1 1 10 30 128 387 0
3 2 29 89 269 809 4
2 3 30 65 133 536 2
3 1 2 10 31 128 2
2 1 19 39 120 484 2
3 2 29 89 269 809 4
3 3 50 250 756 2271 2
4 1 35 175 885 2658 0
1 4 15 19 23 27 4
1 3 28 150 302 1515 0
2 3 17 37 190 764 2
4 4 10 48 196 788 3
4 1 17 69 277 1109 4
4 1 17 69 277 834 3
3 3 16 54 165 498 3
1 4 21 63 68 72 2
1 1 28 116 585 2344 0
2 1 5 11 23 47 4
3 4 50 156 628 1258 0
4 4 44 180 724 2900 4
2 2 10 24 50 102 3
4 3 20 100 407 1631 2
3 4 10 34 106 322 4
3 3 15 68 276 554 0
2 2 36 108 220 442 2
1 1 27 81 243 490 0
1 4 10 14 18 22 4
1 3 7 10 13 16 4
2 2 40 80 164 330 2
4 2 38 154 618 2474 4
1 3 15 19 22 25 3
2 3 7 17 37 77 4
4 3 23 95 383 1152 3
1 4 11 15 19 60 3
4 3 15 67 271 1087 3
1 2 3 15 18 20 2
3 4 36 115 349 1050 2
4 1 4 24 50 204 0
3 2 4 8 29 89 2
2 1 27 57 115 231 3
1 2 32 64 132 665 0
4 1 33 133 533 2133 4
1 2 25 125 128 130 2
1 3 14 17 20 23 4
4 4 24 100 404 1620 3
3 1 15 30 94 283 2
2 1 8 24 130 655 0
4 4 27 116 468 1876 3
3 1 40 200 400 804 0
2 1 28 112 227 455 2
1 3 6 9 12 15 4
2 3 25 135 272 1365 0
1 3 13 16 19 22 4
4 4 8 40 164 660 3
4 2 6 30 122 490 3
4 3 27 111 447 1791 4
1 4 15 19 23 27 4
4 1 36 111 224 900 0
1 4 20 100 200 808 0
2 4 16 36 76 156 4
3 2 20 42 86 435 0
1 2 12 24 27 29 2
2 4 5 20 66 335 0
2 4 10 26 56 116 3
3 1 20 63 192 965 0
2 3 10 48 245 984 0
3 2 24 48 96 294 0
3 1 21 105 210 636 0
4 3 16 71 287 1151 3
4 2 27 114 458 1834 3
1 2 18 21 23 25 3
4 3 11 47 191 768 3
1 4 8 40 45 49 2
2 1 4 8 19 39 2
1 1 20 22 23 24 3
1 4 35 72 292 1465 0
2 2 6 14 30 62 4
2 3 18 54 108 220 0
4 1 8 16 54 110 0
4 2 26 106 426 1706 4
4 3 43 175 703 2815 4
4 1 28 117 469 1877 3
1 3 6 9 12 15 4
4 2 46 186 746 1494 3
4 2 42 170 682 3415 3
4 1 45 225 900 3608 0
4 1 36 149 597 2389 3
1 3 27 58 118 357 0
1 1 9 10 11 60 3
3 4 28 88 268 808 4
3 2 20 63 256 1028 0
1 2 14 17 19 21 3
4 3 2 4 16 90 0
1 2 11 13 70 142 2
4 1 33 133 402 1209 2
4 4 10 48 196 788 3
2 2 4 24 75 152 0
1 1 50 208 418 2095 0
2 2 12 56 114 230 0
1 1 8 10 11 36 2
1 4 18 23 27 140 2
2 2 24 50 255 1280 2
4 1 28 90 455 1824 0
3 1 28 85 256 769 4
1 3 50 54 57 60 3
1 3 30 62 315 948 0
4 3 12 24 72 296 0
1 4 25 75 385 1158 0
4 1 9 37 149 597 4
2 3 17 37 77 157 4
1 1 12 60 240 726 0
4 4 16 68 276 1108 4
4 4 44 180 362 726 2
4 1 21 85 341 1365 4
1 4 12 16 20 24 4
4 3 50 207 831 3327 3
3 4 40 120 366 1468 0
1 3 4 8 40 205 0
3 3 24 52 159 320 0
3 1 30 94 283 850 3
2 4 21 88 267 1340 0
4 3 20 100 407 1631 2
1 2 4 6 8 10 4
2 3 13 29 61 125 4
4 4 50 208 836 3348 3
2 2 24 96 294 885 0
1 3 20 24 27 140 2
3 4 16 52 265 532 2
2 1 11 23 47 95 4
2 3 15 75 155 313 2
2 1 20 43 87 175 3
1 3 30 150 154 157 2
2 3 17 37 77 157 4
4 4 40 164 660 1322 3
1 3 45 49 52 159 2
3 4 28 88 268 808 4
3 1 34 103 310 931 4
2 1 30 60 180 910 0
4 4 24 104 420 1684 3
2 1 21 42 168 510 0
1 4 6 10 14 18 4
3 2 23 71 215 647 4
3 3 12 48 150 453 2
3 3 24 75 228 1145 3
2 1 8 19 39 79 3
4 3 27 111 447 1791 4
4 1 20 84 340 1023 0
4 2 24 75 304 1525 0
2 2 24 120 480 1446 0
2 2 20 42 86 174 4
1 4 6 24 29 33 2
4 4 16 48 96 392 0
1 3 5 8 11 14 4
4 3 4 23 95 383 3
3 3 21 66 201 606 4
3 1 19 58 175 528 3
4 4 15 75 308 1236 2
4 4 48 196 788 3156 4
4 1 24 48 197 789 2
4 1 17 69 277 1109 4
2 1 5 11 23 47 4
4 2 18 74 298 1194 4
2 2 6 14 30 62 4
3 4 3 12 43 133 2
1 1 3 15 45 94 0
2 2 8 18 38 78 4
3 3 9 30 155 468 0
2 2 35 74 375 1880 0
1 1 5 6 7 8 4
4 2 18 54 222 890 2
1 3 12 15 18 21 4
4 3 15 80 162 326 0
1 4 14 28 120 242 0
2 2 27 58 118 238 3
3 3 4 18 57 232 2
1 2 18 21 23 25 3
2 2 20 66 335 672 0
2 2 35 70 144 290 2
4 1 24 101 405 1621 3
3 1 25 79 238 478 2
3 4 20 40 127 385 2
4 1 21 63 130 262 0
1 2 6 8 10 12 4
2 2 40 84 170 342 3
3 3 27 84 255 1024 3
1 1 4 5 18 95 2
1 2 28 112 115 117 2
3 4 36 180 547 1645 2
1 3 8 11 60 244 2
3 1 15 48 98 396 0
2 2 22 46 94 190 4
2 1 24 72 147 295 2
3 2 12 48 149 449 2
4 2 20 44 135 408 0
2 3 5 15 60 186 0
2 4 32 170 684 3425 0
2 2 20 42 172 865 2
3 1 7 22 67 202 4
2 4 22 48 100 204 4
3 1 31 94 283 850 4
1 4 4 9 13 17 3
1 4 14 18 22 26 4
1 2 35 38 40 164 2
1 2 20 88 445 1784 0
4 3 28 119 479 1919 3
3 1 7 22 67 202 4
3 2 12 41 125 377 3
2 1 3 12 27 55 2
3 4 28 88 268 808 4
3 1 21 84 172 865 0
3 4 10 37 115 349 3
2 2 6 24 52 106 2
4 4 40 80 164 330 0
3 1 4 8 28 85 2
4 2 10 42 170 682 4
3 1 10 31 94 283 4
1 2 30 60 300 604 0
3 3 20 80 160 324 0
2 3 14 56 117 237 2
4 3 11 47 191 767 4
2 3 32 69 141 285 3
2 4 8 32 70 144 2
1 4 30 60 180 728 0
1 1 18 20 21 22 3
2 2 6 12 28 58 2
3 3 12 24 78 237 2
4 1 25 81 328 1645 0
3 1 34 103 310 931 4
3 3 12 39 120 605 3
3 4 34 106 322 970 4
2 4 8 20 84 170 0
4 4 35 185 558 2795 0
3 4 14 49 151 304 2
1 3 36 111 560 2244 0
3 2 8 29 89 269 3
3 3 4 18 57 174 3
2 1 16 32 67 135 2
1 3 6 16 51 208 0
3 2 28 140 426 1281 0
2 4 24 52 108 220 4
2 2 3 10 22 46 3
1 2 12 15 17 36 2
3 3 33 102 412 1239 2
1 1 3 4 5 6 4
1 2 12 42 215 432 0
1 1 28 30 31 160 2
3 1 31 94 283 850 4
2 2 40 84 170 342 3
1 2 12 15 17 19 3
3 3 2 6 24 75 2
4 1 21 89 357 1429 3
4 1 21 85 430 862 2
2 2 8 18 38 78 4
4 2 8 38 154 618 3
4 2 46 186 746 2986 4
1 1 14 56 112 570 0
3 2 20 62 188 756 3
1 2 11 13 15 48 3
1 3 10 13 16 51 3
1 1 4 5 18 57 2
1 1 5 6 14 30 2
2 4 18 40 84 172 4
4 3 27 111 447 1791 4
2 4 16 48 102 208 2
4 3 45 187 751 3007 3
2 3 2 16 51 208 0
2 1 23 47 95 191 4
3 3 18 60 183 552 3
3 4 10 34 106 322 4
